date,deaths_over80,deaths_under80,percent_peak_over80,percent_peak_under80,divergence,daily_change
2021-03-08,56,67,7.35,13.84,-6.49,-1.59
2021-03-07,43,51,5.64,10.54,-4.9,-1.56
2021-03-06,58,53,7.61,10.95,-3.34,2.65
2021-03-05,74,76,9.71,15.7,-5.99,4.51
2021-03-04,68,94,8.92,19.42,-10.5,1.38
2021-03-03,70,102,9.19,21.07,-11.88,-1.47
2021-03-02,75,98,9.84,20.25,-10.41,-4.86
2021-03-01,101,91,13.25,18.8,-5.55,1.94
2021-02-28,94,96,12.34,19.83,-7.49,2.28
2021-02-27,94,107,12.34,22.11,-9.77,2.86
2021-02-26,99,124,12.99,25.62,-12.63,-6.04
2021-02-25,123,110,16.14,22.73,-6.59,2.59
2021-02-24,130,127,17.06,26.24,-9.18,2.73
2021-02-23,125,137,16.4,28.31,-11.91,5.53
2021-02-22,130,167,17.06,34.5,-17.44,-2.63
2021-02-21,158,172,20.73,35.54,-14.81,0.95
2021-02-20,157,176,20.6,36.36,-15.76,0.43
2021-02-19,149,173,19.55,35.74,-16.19,-2.21
2021-02-18,191,189,25.07,39.05,-13.98,-2.1
2021-02-17,207,189,27.17,39.05,-11.88,-1.96
2021-02-16,222,189,29.13,39.05,-9.92,-3.09
2021-02-15,266,202,34.91,41.74,-6.83,7.15
2021-02-14,243,222,31.89,45.87,-13.98,5.01
2021-02-13,241,245,31.63,50.62,-18.99,-8.07
2021-02-12,249,211,32.68,43.6,-10.92,4.65
2021-02-11,286,257,37.53,53.1,-15.57,-3.87
2021-02-10,295,244,38.71,50.41,-11.7,3.95
2021-02-09,320,279,41.99,57.64,-15.65,-7.88
2021-02-08,358,265,46.98,54.75,-7.77,4.79
2021-02-07,320,264,41.99,54.55,-12.56,14.29
2021-02-06,326,337,42.78,69.63,-26.85,-16.53
2021-02-05,411,311,53.94,64.26,-10.32,5.87
2021-02-04,382,321,50.13,66.32,-16.19,-6.03
2021-02-03,439,328,57.61,67.77,-10.16,-3.94
2021-02-02,447,314,58.66,64.88,-6.22,9.51
2021-02-01,480,381,62.99,78.72,-15.73,3.3
2021-01-31,480,397,62.99,82.02,-19.03,-7.49
2021-01-30,515,383,67.59,79.13,-11.54,-5.9
2021-01-29,560,383,73.49,79.13,-5.64,2.52
2021-01-28,618,432,81.1,89.26,-8.16,-10.04
2021-01-27,622,386,81.63,79.75,1.88,17.46
2021-01-26,574,440,75.33,90.91,-15.58,-6.33
2021-01-25,638,450,83.73,92.98,-9.25,-0.39
2021-01-24,652,457,85.56,94.42,-8.86,5.94
2021-01-23,613,461,80.45,95.25,-14.8,-2.87
2021-01-22,668,482,87.66,99.59,-11.93,-3.69
2021-01-21,674,468,88.45,96.69,-8.24,-5.06
2021-01-20,711,467,93.31,96.49,-3.18,-3.18
2021-01-19,762,484,100.0,100.0,0.0,-1.65
2021-01-18,699,436,91.73,90.08,1.65,-2.81
2021-01-17,700,423,91.86,87.4,4.46,12.53
2021-01-16,680,471,89.24,97.31,-8.07,-3.29
2021-01-15,661,443,86.75,91.53,-4.78,-8.62
2021-01-14,659,400,86.48,82.64,3.84,-1.71
2021-01-13,628,372,82.41,76.86,5.55,5.2
2021-01-12,645,408,84.65,84.3,0.35,-3.28
2021-01-11,607,368,79.66,76.03,3.63,-3.12
2021-01-10,604,351,79.27,72.52,6.75,5.97
2021-01-09,516,324,67.72,66.94,0.78,4.49
2021-01-08,518,347,67.98,71.69,-3.71,-9.53
2021-01-07,534,311,70.08,64.26,5.82,-2.71
2021-01-06,498,275,65.35,56.82,8.53,1.02
2021-01-05,476,266,62.47,54.96,7.51,5.36
2021-01-04,443,271,58.14,55.99,2.15,6.74
2021-01-03,376,261,49.34,53.93,-4.59,-5.56
2021-01-02,401,250,52.62,51.65,0.97,-3.51
2021-01-01,371,214,48.69,44.21,4.48,0.86
2020-12-31,385,227,50.52,46.9,3.62,4.67
2020-12-30,373,242,48.95,50.0,-1.05,-4.45
2020-12-29,366,216,48.03,44.63,3.4,-1.75
2020-12-28,362,205,47.51,42.36,5.15,1.02
2020-12-27,329,189,43.18,39.05,4.13,-5.31
2020-12-26,349,176,45.8,36.36,9.44,6.57
2020-12-25,332,197,43.57,40.7,2.87,2.38
2020-12-24,295,185,38.71,38.22,0.49,-7.72
2020-12-23,305,154,40.03,31.82,8.21,-0.82
2020-12-22,294,143,38.58,29.55,9.03,-3.4
2020-12-21,312,138,40.94,28.51,12.43,9.04
2020-12-20,273,157,35.83,32.44,3.39,-4.02
2020-12-19,269,135,35.3,27.89,7.41,-3.41
2020-12-18,295,135,38.71,27.89,10.82,9.48
2020-12-17,281,172,36.88,35.54,1.34,-5.35
2020-12-16,221,108,29.0,22.31,6.69,-2.28
2020-12-15,251,116,32.94,23.97,8.97,6.19
2020-12-14,240,139,31.5,28.72,2.78,0.53
2020-12-13,258,153,33.86,31.61,2.25,-1.39
2020-12-12,256,145,33.6,29.96,3.64,-0.47
2020-12-11,258,144,33.86,29.75,4.11,0.77
2020-12-10,227,128,29.79,26.45,3.34,0.64
2020-12-09,230,133,30.18,27.48,2.7,0.28
2020-12-08,231,135,30.31,27.89,2.42,3.6
2020-12-07,224,148,29.4,30.58,-1.18,3.34
2020-12-06,219,161,28.74,33.26,-4.52,-5.17
2020-12-05,208,129,27.3,26.65,0.65,-5.0
2020-12-04,265,141,34.78,29.13,5.65,4.83
2020-12-03,244,151,32.02,31.2,0.82,4.09
2020-12-02,205,146,26.9,30.17,-3.27,3.58
2020-12-01,206,164,27.03,33.88,-6.85,-5.54
2020-11-30,212,141,27.82,29.13,-1.31,-1.79
2020-11-29,254,159,33.33,32.85,0.48,6.86
2020-11-28,219,170,28.74,35.12,-6.38,-3.28
2020-11-27,222,156,29.13,32.23,-3.1,2.96
2020-11-26,212,164,27.82,33.88,-6.06,-8.81
2020-11-25,254,148,33.33,30.58,2.75,-0.46
2020-11-24,248,142,32.55,29.34,3.21,6.12
2020-11-23,236,164,30.97,33.88,-2.91,-4.95
2020-11-22,258,154,33.86,31.82,2.04,0.73
2020-11-21,254,155,33.33,32.02,1.31,1.12
2020-11-20,225,142,29.53,29.34,0.19,-3.19
2020-11-19,243,138,31.89,28.51,3.38,0.24
2020-11-18,279,162,36.61,33.47,3.14,-0.58
2020-11-17,222,123,29.13,25.41,3.72,6.87
2020-11-16,220,155,28.87,32.02,-3.15,-4.62
2020-11-15,219,132,28.74,27.27,1.47,-0.65
2020-11-14,235,139,30.84,28.72,2.12,0.61
2020-11-13,202,121,26.51,25.0,1.51,6.86
2020-11-12,219,165,28.74,34.09,-5.35,-0.23
2020-11-11,172,134,22.57,27.69,-5.12,-1.97
2020-11-10,198,141,25.98,29.13,-3.15,-7.6
2020-11-09,237,129,31.1,26.65,4.45,1.25
2020-11-08,207,116,27.17,23.97,3.2,0.17
2020-11-07,190,106,24.93,21.9,3.03,0.85
2020-11-06,204,119,26.77,24.59,2.18,0.29
2020-11-05,186,109,24.41,22.52,1.89,3.0
2020-11-04,171,114,22.44,23.55,-1.11,0.36
2020-11-03,173,117,22.7,24.17,-1.47,-2.81
2020-11-02,174,104,22.83,21.49,1.34,-1.4
2020-11-01,172,96,22.57,19.83,2.74,4.6
2020-10-31,159,110,20.87,22.73,-1.86,-7.4
2020-10-30,176,85,23.1,17.56,5.54,4.47
2020-10-29,153,92,20.08,19.01,1.07,2.45
2020-10-28,128,88,16.8,18.18,-1.38,-4.57
2020-10-27,133,69,17.45,14.26,3.19,3.28
2020-10-26,130,83,17.06,17.15,-0.09,-1.39
2020-10-25,117,68,15.35,14.05,1.3,5.89
2020-10-24,102,87,13.39,17.98,-4.59,-2.25
2020-10-23,105,78,13.78,16.12,-2.34,-2.75
2020-10-22,118,73,15.49,15.08,0.41,-2.08
2020-10-21,104,54,13.65,11.16,2.49,5.17
2020-10-20,93,72,12.2,14.88,-2.68,-2.19
2020-10-19,86,57,11.29,11.78,-0.49,2.63
2020-10-18,66,57,8.66,11.78,-3.12,-6.41
2020-10-17,88,40,11.55,8.26,3.29,2.48
2020-10-16,66,38,8.66,7.85,0.81,0.7
2020-10-15,67,42,8.79,8.68,0.11,1.6
2020-10-14,61,46,8.01,9.5,-1.49,-1.1
2020-10-13,49,33,6.43,6.82,-0.39,-1.08
2020-10-12,54,31,7.09,6.4,0.69,-0.39
2020-10-11,57,31,7.48,6.4,1.08,1.24
2020-10-10,57,37,7.48,7.64,-0.16,0.29
2020-10-09,36,25,4.72,5.17,-0.45,-1.26
2020-10-08,44,24,5.77,4.96,0.81,-0.83
2020-10-07,44,20,5.77,4.13,1.64,2.77
2020-10-06,37,29,4.86,5.99,-1.13,-0.14
2020-10-05,35,27,4.59,5.58,-0.99,0.34
2020-10-04,34,28,4.46,5.79,-1.33,0.01
2020-10-03,26,23,3.41,4.75,-1.34,-2.96
2020-10-02,36,15,4.72,3.1,1.62,1.67
2020-10-01,28,18,3.67,3.72,-0.05,-0.02
2020-09-30,25,16,3.28,3.31,-0.03,-0.81
2020-09-29,28,14,3.67,2.89,0.78,-0.55
2020-09-28,29,12,3.81,2.48,1.33,1.43
2020-09-27,26,17,3.41,3.51,-0.1,1.27
2020-09-26,21,20,2.76,4.13,-1.37,-0.29
2020-09-25,17,16,2.23,3.31,-1.08,-1.11
2020-09-24,16,10,2.1,2.07,0.03,-2.1
2020-09-23,32,10,4.2,2.07,2.13,1.22
2020-09-22,18,7,2.36,1.45,0.91,0.52
2020-09-21,14,7,1.84,1.45,0.39,0.02
2020-09-20,17,9,2.23,1.86,0.37,0.58
2020-09-19,11,8,1.44,1.65,-0.21,-0.6
2020-09-18,14,7,1.84,1.45,0.39,-0.55
2020-09-17,15,5,1.97,1.03,0.94,-0.07
2020-09-16,14,4,1.84,0.83,1.01,1.61
2020-09-15,8,8,1.05,1.65,-0.6,-1.14
2020-09-14,12,5,1.57,1.03,0.54,0.26
2020-09-13,10,5,1.31,1.03,0.28,-0.2
2020-09-12,10,4,1.31,0.83,0.48,0.65
2020-09-11,5,4,0.66,0.83,-0.17,0.77
2020-09-10,7,9,0.92,1.86,-0.94,-0.77
2020-09-09,5,4,0.66,0.83,-0.17,0.0
2020-09-08,5,4,0.66,0.83,-0.17,-0.28
2020-09-07,4,2,0.52,0.41,0.11,0.83
2020-09-06,4,6,0.52,1.24,-0.72,-0.94
2020-09-05,8,4,1.05,0.83,0.22,-0.09
2020-09-04,4,1,0.52,0.21,0.31,1.34
2020-09-03,0,5,0.0,1.03,-1.03,-0.93
2020-09-02,4,3,0.52,0.62,-0.1,0.18
2020-09-01,1,2,0.13,0.41,-0.28,0.08
2020-08-31,2,3,0.26,0.62,-0.36,-0.34
2020-08-30,3,2,0.39,0.41,-0.02,0.62
2020-08-29,3,5,0.39,1.03,-0.64,-0.47
2020-08-28,5,4,0.66,0.83,-0.17,-0.34
2020-08-27,6,3,0.79,0.62,0.17,0.0
2020-08-26,6,3,0.79,0.62,0.17,0.08
2020-08-25,7,4,0.92,0.83,0.09,0.45
2020-08-24,2,3,0.26,0.62,-0.36,-0.84
2020-08-23,10,4,1.31,0.83,0.48,0.22
2020-08-22,2,0,0.26,0.0,0.26,0.57
2020-08-21,4,4,0.52,0.83,-0.31,0.2
2020-08-20,4,5,0.52,1.03,-0.51,-0.15
2020-08-19,2,3,0.26,0.62,-0.36,0.08
2020-08-18,3,4,0.39,0.83,-0.44,-0.74
2020-08-17,7,3,0.92,0.62,0.3,1.2
2020-08-16,1,5,0.13,1.03,-0.9,-1.61
2020-08-15,7,1,0.92,0.21,0.71,0.53
2020-08-14,3,1,0.39,0.21,0.18,0.75
2020-08-13,2,4,0.26,0.83,-0.57,-0.2
2020-08-12,5,5,0.66,1.03,-0.37,-0.31
2020-08-11,9,6,1.18,1.24,-0.06,-0.36
2020-08-10,7,3,0.92,0.62,0.3,0.53
2020-08-09,3,3,0.39,0.62,-0.23,-0.68
2020-08-08,5,1,0.66,0.21,0.45,0.96
2020-08-07,4,5,0.52,1.03,-0.51,0.35
2020-08-06,6,8,0.79,1.65,-0.86,-0.5
2020-08-05,2,3,0.26,0.62,-0.36,0.22
2020-08-04,5,6,0.66,1.24,-0.58,-0.54
2020-08-03,6,4,0.79,0.83,-0.04,-0.08
2020-08-02,5,3,0.66,0.62,0.04,0.68
2020-08-01,3,5,0.39,1.03,-0.64,0.02
2020-07-31,6,7,0.79,1.45,-0.66,0.13
2020-07-30,5,7,0.66,1.45,-0.79,0.27
2020-07-29,3,7,0.39,1.45,-1.06,0.0
2020-07-28,3,7,0.39,1.45,-1.06,-0.62
2020-07-27,3,4,0.39,0.83,-0.44,0.5
2020-07-26,7,9,0.92,1.86,-0.94,-0.9
2020-07-25,6,4,0.79,0.83,-0.04,0.94
2020-07-24,2,6,0.26,1.24,-0.98,-1.07
2020-07-23,7,4,0.92,0.83,0.09,0.17
2020-07-22,12,8,1.57,1.65,-0.08,-0.76
2020-07-21,13,5,1.71,1.03,0.68,1.49
2020-07-20,8,9,1.05,1.86,-0.81,-0.98
2020-07-19,6,3,0.79,0.62,0.17,1.26
2020-07-18,9,11,1.18,2.27,-1.09,0.0
2020-07-17,9,11,1.18,2.27,-1.09,-0.62
2020-07-16,9,8,1.18,1.65,-0.47,-0.62
2020-07-15,9,5,1.18,1.03,0.15,1.04
2020-07-14,9,10,1.18,2.07,-0.89,-1.7
2020-07-13,14,5,1.84,1.03,0.81,3.4
2020-07-12,7,17,0.92,3.51,-2.59,-1.42
2020-07-11,10,12,1.31,2.48,-1.17,-1.41
2020-07-10,16,9,2.1,1.86,0.24,-0.47
2020-07-09,18,8,2.36,1.65,0.71,2.58
2020-07-08,11,16,1.44,3.31,-1.87,-1.62
2020-07-07,17,12,2.23,2.48,-0.25,-2.5
2020-07-06,25,5,3.28,1.03,2.25,5.95
2020-07-05,8,23,1.05,4.75,-3.7,-4.54
2020-07-04,19,8,2.49,1.65,0.84,2.63
2020-07-03,21,22,2.76,4.55,-1.79,-1.33
2020-07-02,17,13,2.23,2.69,-0.46,0.8
2020-07-01,14,15,1.84,3.1,-1.26,-1.54
2020-06-30,21,12,2.76,2.48,0.28,-0.62
2020-06-29,21,9,2.76,1.86,0.9,2.32
2020-06-28,27,24,3.54,4.96,-1.42,-0.21
2020-06-27,27,23,3.54,4.75,-1.21,-0.33
2020-06-26,28,22,3.67,4.55,-0.88,-1.62
2020-06-25,34,18,4.46,3.72,0.74,-1.86
2020-06-24,45,16,5.91,3.31,2.6,0.58
2020-06-23,39,15,5.12,3.1,2.02,-1.37
2020-06-22,40,9,5.25,1.86,3.39,4.28
2020-06-21,31,24,4.07,4.96,-0.89,-0.84
2020-06-20,39,25,5.12,5.17,-0.05,-0.08
2020-06-19,38,24,4.99,4.96,0.03,1.69
2020-06-18,33,29,4.33,5.99,-1.66,0.87
2020-06-17,28,30,3.67,6.2,-2.53,-6.37
2020-06-16,45,10,5.91,2.07,3.84,3.57
2020-06-15,32,19,4.2,3.93,0.27,-1.64
2020-06-14,46,20,6.04,4.13,1.91,3.22
2020-06-13,42,33,5.51,6.82,-1.31,-2.2
2020-06-12,54,30,7.09,6.2,0.89,2.05
2020-06-11,51,38,6.69,7.85,-1.16,-0.88
2020-06-10,64,42,8.4,8.68,-0.28,-0.06
2020-06-09,55,36,7.22,7.44,-0.22,-2.16
2020-06-08,73,37,9.58,7.64,1.94,-0.43
2020-06-07,70,33,9.19,6.82,2.37,4.84
2020-06-06,63,52,8.27,10.74,-2.47,0.06
2020-06-05,72,58,9.45,11.98,-2.53,-8.09
2020-06-04,88,29,11.55,5.99,5.56,1.71
2020-06-03,86,36,11.29,7.44,3.85,1.53
2020-06-02,98,51,12.86,10.54,2.32,0.45
2020-06-01,93,50,12.2,10.33,1.87,1.4
2020-05-31,76,46,9.97,9.5,0.47,1.77
2020-05-30,94,66,12.34,13.64,-1.3,-3.53
2020-05-29,113,61,14.83,12.6,2.23,-2.6
2020-05-28,136,63,17.85,13.02,4.83,2.34
2020-05-27,104,54,13.65,11.16,2.49,-1.86
2020-05-26,126,59,16.54,12.19,4.35,0.88
2020-05-25,113,55,14.83,11.36,3.47,3.05
2020-05-24,115,71,15.09,14.67,0.42,-4.86
2020-05-23,141,64,18.5,13.22,5.28,2.61
2020-05-22,140,76,18.37,15.7,2.67,2.14
2020-05-21,130,80,17.06,16.53,0.53,-7.52
2020-05-20,170,69,22.31,14.26,8.05,4.65
2020-05-19,155,82,20.34,16.94,3.4,-2.56
2020-05-18,173,81,22.7,16.74,5.96,3.11
2020-05-17,154,84,20.21,17.36,2.85,-4.62
2020-05-16,186,82,24.41,16.94,7.47,2.35
2020-05-15,187,94,24.54,19.42,5.12,-3.68
2020-05-14,193,80,25.33,16.53,8.8,5.18
2020-05-13,174,93,22.83,19.21,3.62,-0.3
2020-05-12,181,96,23.75,19.83,3.92,3.03
2020-05-11,180,110,23.62,22.73,0.89,-0.04
2020-05-10,207,127,27.17,26.24,0.93,1.21
2020-05-09,234,150,30.71,30.99,-0.28,1.02
2020-05-08,220,146,28.87,30.17,-1.3,-10.35
2020-05-07,272,129,35.7,26.65,9.05,3.32
2020-05-06,242,126,31.76,26.03,5.73,5.6
2020-05-05,245,155,32.15,32.02,0.13,-1.68
2020-05-04,283,171,37.14,35.33,1.81,4.41
2020-05-03,262,179,34.38,36.98,-2.6,-1.74
2020-05-02,269,175,35.3,36.16,-0.86,-3.26
2020-05-01,308,184,40.42,38.02,2.4,4.31
2020-04-30,305,203,40.03,41.94,-1.91,-2.32
2020-04-29,318,200,41.73,41.32,0.41,6.8
2020-04-28,315,231,41.34,47.73,-6.39,1.16
2020-04-27,303,229,39.76,47.31,-7.55,-2.93
2020-04-26,360,251,47.24,51.86,-4.62,8.93
2020-04-25,325,272,42.65,56.2,-13.55,-9.53
2020-04-24,374,257,49.08,53.1,-4.02,10.4
2020-04-23,342,287,44.88,59.3,-14.42,-8.15
2020-04-22,371,266,48.69,54.96,-6.27,0.42
2020-04-21,393,282,51.57,58.26,-6.69,8.64
2020-04-20,398,327,52.23,67.56,-15.33,-1.85
2020-04-19,420,332,55.12,68.6,-13.48,4.64
2020-04-18,424,357,55.64,73.76,-18.12,1.46
2020-04-17,416,359,54.59,74.17,-19.58,1.82
2020-04-16,421,371,55.25,76.65,-21.4,3.83
2020-04-15,428,394,56.17,81.4,-25.23,9.88
2020-04-14,411,431,53.94,89.05,-35.11,-6.81
2020-04-13,433,412,56.82,85.12,-28.3,-1.38
2020-04-12,464,425,60.89,87.81,-26.92,10.94
2020-04-11,431,457,56.56,94.42,-37.86,1.15
2020-04-10,438,467,57.48,96.49,-39.01,-18.25
2020-04-09,448,385,58.79,79.55,-20.76,-8.65
2020-04-08,517,387,67.85,79.96,-12.11,13.45
2020-04-07,446,407,58.53,84.09,-25.56,-4.31
2020-04-06,419,369,54.99,76.24,-21.25,-10.05
2020-04-05,442,335,58.01,69.21,-11.2,3.31
2020-04-04,431,344,56.56,71.07,-14.51,0.67
2020-04-03,374,311,49.08,64.26,-15.18,-17.36
2020-04-02,396,241,51.97,49.79,2.18,3.32
2020-04-01,355,231,46.59,47.73,-1.14,0.88
2020-03-31,290,194,38.06,40.08,-2.02,-3.24
2020-03-30,299,184,39.24,38.02,1.22,5.63
2020-03-29,234,170,30.71,35.12,-4.41,-0.41
2020-03-28,190,140,24.93,28.93,-4.0,-8.06
2020-03-27,190,101,24.93,20.87,4.06,-0.36
2020-03-26,166,84,21.78,17.36,4.42,1.19
2020-03-25,138,72,18.11,14.88,3.23,-1.31
2020-03-24,118,53,15.49,10.95,4.54,2.16
2020-03-23,89,45,11.68,9.3,2.38,-1.98
2020-03-22,82,31,10.76,6.4,4.36,1.26
2020-03-21,63,25,8.27,5.17,3.1,-0.25
2020-03-20,57,20,7.48,4.13,3.35,1.94
2020-03-19,36,16,4.72,3.31,1.41,-0.17
2020-03-18,42,19,5.51,3.93,1.58,-0.29
2020-03-17,30,10,3.94,2.07,1.87,-0.51
2020-03-16,26,5,3.41,1.03,2.38,1.5
2020-03-15,13,4,1.71,0.83,0.88,0.4
2020-03-14,10,4,1.31,0.83,0.48,-0.75
2020-03-13,11,1,1.44,0.21,1.23,1.01
2020-03-12,8,4,1.05,0.83,0.22,0.11
2020-03-11,4,2,0.52,0.41,0.11,-0.15
2020-03-10,2,0,0.26,0.0,0.26,0.13
2020-03-09,1,0,0.13,0.0,0.13,0.41
2020-03-08,1,2,0.13,0.41,-0.28,-0.28
2020-03-07,0,0,0.0,0.0,0.0,0.21
2020-03-06,0,1,0.0,0.21,-0.21,-0.34
2020-03-05,1,0,0.13,0.0,0.13,0.0
