date,cases_under80,cases_over80,rollingsum_under80,rollingsum_over80,percent_peak_under80,percent_peak_over80,divergence,daily_change
2021-02-22,9222,453,64075,2704,17.87,14.88,-2.99,-0.8
2021-02-21,9302,233,65246,2910,18.2,16.01,-2.19,0.07
2021-02-20,10066,268,66865,2979,18.65,16.39,-2.26,-0.02
2021-02-19,11519,360,68073,3044,18.99,16.75,-2.24,-0.7
2021-02-18,7027,454,69281,3231,19.32,17.78,-1.54,0.21
2021-02-17,7203,460,71666,3314,19.99,18.24,-1.75,-0.22
2021-02-16,9736,476,74291,3488,20.72,19.19,-1.53,-0.1
2021-02-15,10393,659,77367,3662,21.58,20.15,-1.43,0.42
2021-02-14,10921,302,81885,3814,22.84,20.99,-1.85,0.42
2021-02-13,11274,333,86925,3994,24.25,21.98,-2.27,0.44
2021-02-12,12727,547,91664,4155,25.57,22.86,-2.71,0.12
2021-02-11,9412,537,97376,4421,27.16,24.33,-2.83,-0.75
2021-02-10,9828,634,100697,4726,28.09,26.01,-2.08,-0.81
2021-02-09,12812,650,104794,5081,29.23,27.96,-1.27,-1.24
2021-02-08,14911,811,109903,5564,30.65,30.62,-0.03,-0.76
2021-02-07,15961,482,115079,5965,32.1,32.83,0.73,0.45
2021-02-06,16013,494,120462,6156,33.6,33.88,0.28,0.82
2021-02-05,18439,813,126730,6326,35.35,34.81,-0.54,-0.53
2021-02-04,12733,842,133056,6742,37.11,37.1,-0.01,-1.69
2021-02-03,13925,989,134603,7127,37.54,39.22,1.68,-0.58
2021-02-02,17921,1133,139033,7458,38.78,41.04,2.26,-0.56
2021-02-01,20087,1212,145811,7903,40.67,43.49,2.82,-0.98
2021-01-31,21344,673,152145,8403,42.44,46.24,3.8,1.34
2021-01-30,22281,664,159793,8547,44.57,47.03,2.46,0.92
2021-01-29,24765,1229,170344,8914,47.51,49.05,1.54,1.79
2021-01-28,14280,1227,182927,9226,51.02,50.77,-0.25,0.69
2021-01-27,18355,1320,192978,9611,53.83,52.89,-0.94,-1.9
2021-01-26,24699,1578,200242,10323,55.85,56.81,0.96,-1.53
2021-01-25,26421,1712,209216,11058,58.36,60.85,2.49,-1.3
2021-01-24,28992,817,218165,11747,60.85,64.64,3.79,-0.04
2021-01-23,32832,1031,227093,12206,63.34,67.17,3.83,0.52
2021-01-22,37348,1541,235133,12519,65.58,68.89,3.31,-0.73
2021-01-21,24331,1612,245678,13188,68.53,72.57,4.04,-2.09
2021-01-20,25619,2032,251889,13882,70.26,76.39,6.13,0.22
2021-01-19,33673,2313,259048,14205,72.26,78.17,5.91,-1.56
2021-01-18,35370,2401,264153,14747,73.68,81.15,7.47,-1.47
2021-01-17,37920,1276,271998,15411,75.87,84.81,8.94,0.91
2021-01-16,40872,1344,281585,15732,78.54,86.57,8.03,0.61
2021-01-15,47893,2210,294430,16271,82.12,89.54,7.42,2.19
2021-01-14,30542,2306,310670,16696,86.65,91.88,5.23,3.08
2021-01-13,32778,2355,326595,16946,91.1,93.25,2.15,3.1
2021-01-12,38778,2855,344567,17293,96.11,95.16,-0.95,-4.97
2021-01-11,43215,3065,332059,17561,92.62,96.64,4.02,-0.71
2021-01-10,47507,1597,332676,17721,92.79,97.52,4.73,1.95
2021-01-09,53717,1883,344259,17954,96.02,98.8,2.78,2.78
2021-01-08,64133,2635,358519,18172,100.0,100.0,0.0,0.07
2021-01-07,46467,2556,331991,16815,92.6,92.53,-0.07,2.72
2021-01-06,50750,2702,325540,15994,90.8,88.01,-2.79,-2.24
2021-01-05,26270,3123,309307,15577,86.27,85.72,-0.55,-2.73
2021-01-04,43832,3225,294868,15342,82.25,84.43,2.18,4.82
2021-01-03,59090,1830,277898,13605,77.51,74.87,-2.64,-4.06
2021-01-02,67977,2101,253946,13130,70.83,72.25,1.42,-3.35
2021-01-01,37605,1278,224016,12221,62.48,67.25,4.77,4.42
2020-12-31,40016,1735,226089,11523,63.06,63.41,0.35,0.37
2020-12-30,34517,2285,213267,10807,59.49,59.47,-0.02,0.8
2020-12-29,11831,2888,198879,9931,55.47,54.65,-0.82,12.18
2020-12-28,26862,1488,216554,8613,60.4,47.4,-13.0,-0.55
2020-12-27,35138,1355,217223,8748,60.59,48.14,-12.45,0.83
2020-12-26,38047,1192,210012,8232,58.58,45.3,-13.28,-1.48
2020-12-25,39678,580,198717,7929,55.43,43.63,-11.8,-7.28
2020-12-24,27194,1019,186001,8606,51.88,47.36,-4.52,-3.9
2020-12-23,20129,1409,175428,8778,48.93,48.31,-0.62,-0.45
2020-12-22,29506,1570,170012,8586,47.42,47.25,-0.17,-1.89
2020-12-21,27531,1623,158508,8347,44.21,45.93,1.72,-1.91
2020-12-20,27927,839,147808,8152,41.23,44.86,3.63,-3.25
2020-12-19,26752,889,135743,8131,37.86,44.74,6.88,-2.27
2020-12-18,26962,1257,123921,7943,34.56,43.71,9.15,-2.13
2020-12-17,16621,1191,112629,7759,31.42,42.7,11.28,-0.75
2020-12-16,14713,1217,105923,7554,29.54,41.57,12.03,-0.14
2020-12-15,18002,1331,100486,7305,28.03,40.2,12.17,-0.37
2020-12-14,16831,1428,93968,7041,26.21,38.75,12.54,0.59
2020-12-13,15862,818,88395,6652,24.66,36.61,11.95,0.18
2020-12-12,14930,701,84589,6425,23.59,35.36,11.77,0.19
2020-12-11,15670,1073,81608,6241,22.76,34.34,11.58,0.66
2020-12-10,9915,986,79323,6006,22.13,33.05,10.92,0.75
2020-12-09,9276,968,77446,5774,21.6,31.77,10.17,0.55
2020-12-08,11484,1067,76544,5628,21.35,30.97,9.62,0.04
2020-12-07,11258,1039,76031,5595,21.21,30.79,9.58,-0.19
2020-12-06,12056,591,75832,5619,21.15,30.92,9.77,0.49
2020-12-05,11949,517,76332,5556,21.29,30.57,9.28,0.31
2020-12-04,13385,838,76842,5525,21.43,30.4,8.97,0.59
2020-12-03,8038,754,78061,5479,21.77,30.15,8.38,0.37
2020-12-02,8374,822,79179,5469,22.09,30.1,8.01,0.38
2020-12-01,10971,1034,80436,5465,22.44,30.07,7.63,0.45
2020-11-30,11059,1063,82706,5497,23.07,30.25,7.18,1.25
2020-11-29,12556,528,85633,5419,23.89,29.82,5.93,1.13
2020-11-28,12459,486,89645,5415,25.0,29.8,4.8,0.95
2020-11-27,14604,792,95582,5544,26.66,30.51,3.85,1.53
2020-11-26,9156,744,102641,5625,28.63,30.95,2.32,0.48
2020-11-25,9631,818,106617,5739,29.74,31.58,1.84,0.69
2020-11-24,13241,1066,111918,5883,31.22,32.37,1.15,1.08
2020-11-23,13986,985,118601,6024,33.08,33.15,0.07,0.47
2020-11-22,16568,524,124881,6257,34.83,34.43,-0.4,0.77
2020-11-21,18396,615,131168,6436,36.59,35.42,-1.17,0.78
2020-11-20,21663,873,135339,6505,37.75,35.8,-1.95,-0.08
2020-11-19,13132,858,139870,6749,39.01,37.14,-1.87,-0.13
2020-11-18,14932,962,143619,6964,40.06,38.32,-1.74,-1.08
2020-11-17,19924,1207,144312,7194,40.25,39.59,-0.66,-0.53
2020-11-16,20266,1218,143795,7266,40.11,39.98,-0.13,-0.46
2020-11-15,22855,703,143058,7310,39.9,40.23,0.33,-1.01
2020-11-14,22567,684,139464,7313,38.9,40.24,1.34,-0.41
2020-11-13,26194,1117,137694,7297,38.41,40.16,1.75,0.77
2020-11-12,16881,1073,137449,7146,38.34,39.32,0.98,-0.33
2020-11-11,15625,1192,133087,6984,37.12,38.43,1.31,0.29
2020-11-10,19407,1279,130967,6823,36.53,37.55,1.02,0.99
2020-11-09,19529,1262,129865,6587,36.22,36.25,0.03,-0.8
2020-11-08,19261,706,128949,6688,35.97,36.8,0.83,0.73
2020-11-07,20797,668,128640,6539,35.88,35.98,0.1,0.24
2020-11-06,25949,966,127022,6412,35.43,35.29,-0.14,-0.93
2020-11-05,12519,911,122475,6352,34.16,34.95,0.79,0.0
2020-11-04,13505,1031,122276,6342,34.11,34.9,0.79,0.88
2020-11-03,18305,1043,121325,6133,33.84,33.75,-0.09,0.57
2020-11-02,18613,1363,119916,5958,33.45,32.79,-0.66,2.62
2020-11-01,18952,557,119662,5469,33.38,30.1,-3.28,0.54
2020-10-31,19179,541,120901,5434,33.72,29.9,-3.82,0.09
2020-10-30,21402,906,121604,5454,33.92,30.01,-3.91,0.66
2020-10-29,12320,901,121061,5306,33.77,29.2,-4.57,0.54
2020-10-28,12554,822,119958,5152,33.46,28.35,-5.11,0.05
2020-10-27,16896,868,118997,5093,33.19,28.03,-5.16,-0.93
2020-10-26,18359,874,115728,5097,32.28,28.05,-4.23,-0.27
2020-10-25,20191,522,111758,4944,31.17,27.21,-3.96,-0.35
2020-10-24,19882,561,107159,4775,29.89,26.28,-3.61,-0.88
2020-10-23,20859,758,101888,4668,28.42,25.69,-2.73,-0.68
2020-10-22,11217,747,96341,4511,26.87,24.82,-2.05,0.72
2020-10-21,11593,763,94351,4279,26.32,23.55,-2.77,0.72
2020-10-20,13627,872,92518,4056,25.81,22.32,-3.49,1.48
2020-10-19,14389,721,91289,3723,25.46,20.49,-4.97,0.84
2020-10-18,15592,353,91540,3584,25.53,19.72,-5.81,0.15
2020-10-17,14611,454,90492,3503,25.24,19.28,-5.96,0.92
2020-10-16,15312,601,89527,3288,24.97,18.09,-6.88,0.6
2020-10-15,9227,515,87652,3083,24.45,16.97,-7.48,0.89
2020-10-14,9760,540,87942,2936,24.53,16.16,-8.37,0.4
2020-10-13,12398,539,87506,2843,24.41,15.64,-8.77,0.29
2020-10-12,14640,582,86239,2724,24.05,14.99,-9.06,0.07
2020-10-11,14544,272,82452,2520,23.0,13.87,-9.13,-0.88
2020-10-10,13646,239,78039,2457,21.77,13.52,-8.25,-1.51
2020-10-09,13437,396,72639,2457,20.26,13.52,-6.74,-0.72
2020-10-08,9517,368,67417,2322,18.8,12.78,-6.02,-0.42
2020-10-07,9324,447,63718,2211,17.77,12.17,-5.6,0.05
2020-10-06,11131,420,59799,2005,16.68,11.03,-5.65,-0.93
2020-10-05,10853,378,54420,1900,15.18,10.46,-4.72,-0.42
2020-10-04,10131,209,49515,1728,13.81,9.51,-4.3,-0.74
2020-10-03,8246,239,44900,1628,12.52,8.96,-3.56,-0.16
2020-10-02,8215,261,41693,1496,11.63,8.23,-3.4,-0.37
2020-10-01,5818,257,37891,1371,10.57,7.54,-3.03,-0.04
2020-09-30,5405,241,36458,1304,10.17,7.18,-2.99,-0.05
2020-09-29,5752,315,35001,1239,9.76,6.82,-2.94,0.28
2020-09-28,5948,206,33293,1103,9.29,6.07,-3.22,-0.15
2020-09-27,5516,109,31063,1015,8.66,5.59,-3.07,-0.4
2020-09-26,5039,107,29078,989,8.11,5.44,-2.67,-0.51
2020-09-25,4413,136,26801,966,7.48,5.32,-2.16,-0.27
2020-09-24,4385,190,25057,927,6.99,5.1,-1.89,-0.31
2020-09-23,3948,176,22232,839,6.2,4.62,-1.58,-0.23
2020-09-22,4044,179,20357,786,5.68,4.33,-1.35,-0.25
2020-09-21,3718,118,18973,762,5.29,4.19,-1.1,-0.26
2020-09-20,3531,83,18120,765,5.05,4.21,-0.84,-0.11
2020-09-19,2762,84,17248,741,4.81,4.08,-0.73,0.16
2020-09-18,2669,97,17251,712,4.81,3.92,-0.89,0.19
2020-09-17,1560,102,17755,703,4.95,3.87,-1.08,0.13
2020-09-16,2073,123,18127,700,5.06,3.85,-1.21,0.18
2020-09-15,2660,155,18101,666,5.05,3.66,-1.39,0.02
2020-09-14,2865,121,17876,650,4.99,3.58,-1.41,-0.27
2020-09-13,2659,59,17502,679,4.88,3.74,-1.14,-0.06
2020-09-12,2765,55,17269,680,4.82,3.74,-1.08,-0.33
2020-09-11,3173,88,16314,691,4.55,3.8,-0.75,-0.59
2020-09-10,1932,99,14341,697,4.0,3.84,-0.16,-0.37
2020-09-09,2047,89,13332,715,3.72,3.93,0.21,-0.57
2020-09-08,2435,139,12255,764,3.42,4.2,0.78,0.01
2020-09-07,2491,150,11113,704,3.1,3.87,0.77,0.37
2020-09-06,2426,60,9864,572,2.75,3.15,0.4,-0.15
2020-09-05,1810,66,8514,530,2.37,2.92,0.55,-0.01
2020-09-04,1200,94,7703,493,2.15,2.71,0.56,0.24
2020-09-03,923,117,7561,441,2.11,2.43,0.32,0.31
2020-09-02,970,138,7294,371,2.03,2.04,0.01,0.47
2020-09-01,1293,79,7000,271,1.95,1.49,-0.46,0.12
2020-08-31,1242,18,6668,232,1.86,1.28,-0.58,-0.11
2020-08-30,1076,18,6576,247,1.83,1.36,-0.47,0.01
2020-08-29,999,29,6511,243,1.82,1.34,-0.48,0.04
2020-08-28,1058,42,6372,229,1.78,1.26,-0.52,0.08
2020-08-27,656,47,6390,215,1.78,1.18,-0.6,-0.01
2020-08-26,676,38,6236,209,1.74,1.15,-0.59,-0.05
2020-08-25,961,40,6173,214,1.72,1.18,-0.54,0.0
2020-08-24,1150,33,6176,214,1.72,1.18,-0.54,-0.05
2020-08-23,1011,14,5977,214,1.67,1.18,-0.49,0.04
2020-08-22,860,15,5984,207,1.67,1.14,-0.53,0.07
2020-08-21,1076,28,6232,207,1.74,1.14,-0.6,-0.07
2020-08-20,502,41,6385,227,1.78,1.25,-0.53,-0.04
2020-08-19,613,43,6400,236,1.79,1.3,-0.49,0.01
2020-08-18,964,40,6380,233,1.78,1.28,-0.5,-0.16
2020-08-17,951,33,6195,252,1.73,1.39,-0.34,-0.24
2020-08-16,1018,7,6131,293,1.71,1.61,-0.1,-0.12
2020-08-15,1108,15,5978,308,1.67,1.69,0.02,-0.12
2020-08-14,1229,48,5693,315,1.59,1.73,0.14,-0.14
2020-08-13,517,50,5315,319,1.48,1.76,0.28,-0.1
2020-08-12,593,40,5276,337,1.47,1.85,0.38,-0.17
2020-08-11,779,59,5141,359,1.43,1.98,0.55,-0.17
2020-08-10,887,74,4918,379,1.37,2.09,0.72,0.02
2020-08-09,865,22,4825,372,1.35,2.05,0.7,0.03
2020-08-08,823,22,4840,367,1.35,2.02,0.67,-0.02
2020-08-07,851,52,4711,363,1.31,2.0,0.69,-0.02
2020-08-06,478,68,4600,361,1.28,1.99,0.71,0.13
2020-08-05,458,62,4605,338,1.28,1.86,0.58,0.0
2020-08-04,556,79,4597,338,1.28,1.86,0.58,0.11
2020-08-03,794,67,4675,321,1.3,1.77,0.47,0.09
2020-08-02,880,17,4557,300,1.27,1.65,0.38,-0.07
2020-08-01,694,18,4347,301,1.21,1.66,0.45,-0.08
2020-07-31,740,50,4266,312,1.19,1.72,0.53,-0.04
2020-07-30,483,45,4227,318,1.18,1.75,0.57,0.01
2020-07-29,450,62,4126,310,1.15,1.71,0.56,0.05
2020-07-28,634,62,4116,302,1.15,1.66,0.51,-0.03
2020-07-27,676,46,3986,299,1.11,1.65,0.54,0.01
2020-07-26,670,18,3890,295,1.09,1.62,0.53,0.01
2020-07-25,613,29,3877,291,1.08,1.6,0.52,0.05
2020-07-24,701,56,3823,279,1.07,1.54,0.47,0.16
2020-07-23,382,37,3732,245,1.04,1.35,0.31,-0.04
2020-07-22,440,54,3677,250,1.03,1.38,0.35,0.01
2020-07-21,504,59,3624,246,1.01,1.35,0.34,-0.05
2020-07-20,580,42,3578,252,1.0,1.39,0.39,-0.01
2020-07-19,657,14,3611,256,1.01,1.41,0.4,0.0
2020-07-18,559,17,3558,253,0.99,1.39,0.4,-0.03
2020-07-17,610,22,3481,255,0.97,1.4,0.43,-0.15
2020-07-16,327,42,3424,279,0.96,1.54,0.58,0.0
2020-07-15,387,50,3583,288,1.0,1.58,0.58,-0.06
2020-07-14,458,65,3551,297,0.99,1.63,0.64,0.07
2020-07-13,613,46,3576,285,1.0,1.57,0.57,-0.2
2020-07-12,604,11,3440,315,0.96,1.73,0.77,-0.19
2020-07-11,482,19,3368,345,0.94,1.9,0.96,0.01
2020-07-10,553,46,3391,346,0.95,1.9,0.95,0.04
2020-07-09,486,51,3434,340,0.96,1.87,0.91,-0.09
2020-07-08,355,59,3322,350,0.93,1.93,1.0,0.03
2020-07-07,483,53,3409,348,0.95,1.92,0.97,0.04
2020-07-06,477,76,3470,346,0.97,1.9,0.93,0.13
2020-07-05,532,41,3548,326,0.99,1.79,0.8,0.09
2020-07-04,505,20,3645,315,1.02,1.73,0.71,-0.1
2020-07-03,596,40,3743,336,1.04,1.85,0.81,-0.18
2020-07-02,374,61,3838,375,1.07,2.06,0.99,-0.01
2020-07-01,442,57,3958,381,1.1,2.1,1.0,-0.11
2020-06-30,544,51,4059,407,1.13,2.24,1.11,-0.28
2020-06-29,555,56,4216,467,1.18,2.57,1.39,-0.17
2020-06-28,629,30,4479,511,1.25,2.81,1.56,-0.06
2020-06-27,603,41,4631,529,1.29,2.91,1.62,-0.11
2020-06-26,691,79,4853,560,1.35,3.08,1.73,-0.07
2020-06-25,494,67,4965,577,1.38,3.18,1.8,-0.18
2020-06-24,543,83,5126,619,1.43,3.41,1.98,-0.15
2020-06-23,701,111,5260,654,1.47,3.6,2.13,-0.16
2020-06-22,818,100,5366,689,1.5,3.79,2.29,-0.13
2020-06-21,781,48,5308,709,1.48,3.9,2.42,-0.16
2020-06-20,825,72,5381,741,1.5,4.08,2.58,-0.1
2020-06-19,803,96,5427,761,1.51,4.19,2.68,-0.07
2020-06-18,655,109,5419,774,1.51,4.26,2.75,-0.21
2020-06-17,677,118,5319,806,1.48,4.44,2.96,-0.48
2020-06-16,807,146,5254,893,1.47,4.91,3.44,-0.18
2020-06-15,760,120,5249,923,1.46,5.08,3.62,-0.23
2020-06-14,854,80,5364,973,1.5,5.35,3.85,-0.04
2020-06-13,871,92,5457,984,1.52,5.41,3.89,0.02
2020-06-12,795,109,5589,987,1.56,5.43,3.87,-0.49
2020-06-11,555,141,5763,1085,1.61,5.97,4.36,-0.58
2020-06-10,612,205,5954,1199,1.66,6.6,4.94,-0.37
2020-06-09,802,176,6128,1275,1.71,7.02,5.31,-0.78
2020-06-08,875,170,6394,1431,1.78,7.87,6.09,-0.79
2020-06-07,947,91,6708,1590,1.87,8.75,6.88,-0.66
2020-06-06,1003,95,6995,1725,1.95,9.49,7.54,-0.52
2020-06-05,969,207,7125,1826,1.99,10.05,8.06,-0.43
2020-06-04,746,255,7244,1910,2.02,10.51,8.49,-0.46
2020-06-03,786,281,7493,2007,2.09,11.04,8.95,-0.39
2020-06-02,1068,332,7794,2092,2.17,11.51,9.34,0.28
2020-06-01,1189,329,8082,2056,2.25,11.31,9.06,0.0
