date,cases_under80,cases_over80,rollingsum_under80,rollingsum_over80,percent_peak_under80,percent_peak_over80,divergence,daily_change
2021-03-04,3741,170,42634,1409,11.89,7.75,-4.14,-0.02
2021-03-03,3864,197,45290,1547,12.63,8.51,-4.12,0.18
2021-03-02,5288,242,47874,1645,13.35,9.05,-4.3,0.27
2021-03-01,6148,299,50871,1748,14.19,9.62,-4.57,0.01
2021-02-28,6792,131,53950,1903,15.05,10.47,-4.58,0.13
2021-02-27,7615,147,56492,2006,15.75,11.04,-4.71,0.02
2021-02-26,9186,223,58950,2127,16.44,11.71,-4.73,-0.11
2021-02-25,6397,308,61307,2268,17.1,12.48,-4.62,-0.65
2021-02-24,6448,295,61942,2417,17.27,13.3,-3.97,-0.69
2021-02-23,8285,345,62702,2582,17.49,14.21,-3.28,-0.35
2021-02-22,9227,454,64163,2719,17.89,14.96,-2.93,-0.8
2021-02-21,9334,234,65327,2924,18.22,16.09,-2.13,0.06
2021-02-20,10073,268,66921,2992,18.66,16.47,-2.19,-0.02
2021-02-19,11543,364,68132,3058,19.0,16.83,-2.17,-0.68
2021-02-18,7032,457,69318,3241,19.33,17.84,-1.49,0.21
2021-02-17,7208,460,71697,3323,19.99,18.29,-1.7,-0.21
2021-02-16,9746,482,74320,3497,20.73,19.24,-1.49,-0.07
2021-02-15,10391,659,77392,3664,21.58,20.16,-1.42,0.43
2021-02-14,10928,302,81913,3815,22.84,20.99,-1.85,0.39
2021-02-13,11284,334,86955,3999,24.25,22.01,-2.24,0.44
2021-02-12,12729,547,91699,4159,25.57,22.89,-2.68,0.14
2021-02-11,9411,539,97417,4425,27.17,24.35,-2.82,-0.76
2021-02-10,9831,634,100746,4731,28.1,26.04,-2.06,-0.83
2021-02-09,12818,649,104841,5090,29.24,28.01,-1.23,-1.42
2021-02-08,14912,810,109948,5606,30.66,30.85,0.19,-0.75
2021-02-07,15970,486,115129,6006,32.11,33.05,0.94,0.47
2021-02-06,16028,494,120514,6193,33.61,34.08,0.47,0.78
2021-02-05,18447,813,126776,6368,35.35,35.04,-0.31,-0.56
2021-02-04,12740,845,133097,6790,37.12,37.37,0.25,-1.67
2021-02-03,13926,993,134639,7173,37.55,39.47,1.92,-0.59
2021-02-02,17925,1165,139071,7503,38.78,41.29,2.51,-0.38
2021-02-01,20093,1210,145845,7916,40.67,43.56,2.89,-1.01
2021-01-31,21355,673,152177,8420,42.44,46.34,3.9,1.34
2021-01-30,22290,669,159812,8564,44.57,47.13,2.56,0.94
2021-01-29,24768,1235,170358,8928,47.51,49.13,1.62,1.82
2021-01-28,14282,1228,182942,9235,51.02,50.82,-0.2,0.66
2021-01-27,18358,1323,192999,9623,53.82,52.96,-0.86,-1.88
2021-01-26,24699,1578,200268,10334,55.85,56.87,1.02,-1.56
2021-01-25,26425,1714,209241,11071,58.35,60.93,2.58,-1.29
2021-01-24,28990,817,218188,11760,60.85,64.72,3.87,-0.04
2021-01-23,32836,1033,227131,12220,63.34,67.25,3.91,0.52
2021-01-22,37352,1542,235176,12532,65.58,68.97,3.39,-0.75
2021-01-21,24339,1616,245728,13204,68.53,72.67,4.14,-2.1
2021-01-20,25627,2034,251937,13900,70.26,76.5,6.24,0.23
2021-01-19,33672,2315,259106,14223,72.26,78.27,6.01,-1.56
2021-01-18,35372,2403,264228,14765,73.69,81.26,7.57,-1.48
2021-01-17,37933,1277,272088,15432,75.88,84.93,9.05,0.9
2021-01-16,40881,1345,281670,15754,78.55,86.7,8.15,0.6
2021-01-15,47904,2214,294512,16295,82.13,89.68,7.55,2.21
2021-01-14,30548,2312,310748,16717,86.66,92.0,5.34,3.09
2021-01-13,32796,2357,326670,16962,91.1,93.35,2.25,3.13
2021-01-12,38794,2857,344634,17305,96.11,95.23,-0.88,-4.94
2021-01-11,43232,3070,332124,17567,92.62,96.68,4.06,-0.68
2021-01-10,47515,1599,332740,17723,92.79,97.53,4.74,1.97
2021-01-09,53723,1886,344314,17952,96.02,98.79,2.77,2.77
2021-01-08,64140,2636,358590,18171,100.0,100.0,0.0,0.07
2021-01-07,46470,2557,332063,16814,92.6,92.53,-0.07,2.78
2021-01-06,50760,2700,325622,15984,90.81,87.96,-2.85,-2.26
2021-01-05,26284,3119,309385,15570,86.28,85.69,-0.59,-2.73
2021-01-04,43848,3226,294936,15334,82.25,84.39,2.14,4.82
2021-01-03,59089,1828,277949,13597,77.51,74.83,-2.68,-4.08
2021-01-02,67999,2105,254002,13125,70.83,72.23,1.4,-3.34
2021-01-01,37613,1279,224066,12216,62.49,67.23,4.74,4.43
2020-12-31,40029,1727,226150,11517,63.07,63.38,0.31,0.28
2020-12-30,34523,2286,213321,10815,59.49,59.52,0.03,0.81
2020-12-29,11835,2883,198941,9939,55.48,54.7,-0.78,12.14
2020-12-28,26861,1489,216623,8629,60.41,47.49,-12.92,-0.55
2020-12-27,35142,1356,217290,8763,60.6,48.23,-12.37,0.85
2020-12-26,38063,1196,210087,8245,58.59,45.37,-13.22,-1.46
2020-12-25,39697,580,198791,7937,55.44,43.68,-11.76,-7.28
2020-12-24,27200,1025,186067,8615,51.89,47.41,-4.48,-3.89
2020-12-23,20143,1410,175492,8786,48.94,48.35,-0.59,-0.47
2020-12-22,29517,1573,170063,8597,47.43,47.31,-0.12,-1.91
2020-12-21,27528,1623,158555,8360,44.22,46.01,1.79,-1.93
2020-12-20,27939,838,147865,8169,41.24,44.96,3.72,-3.27
2020-12-19,26767,888,135799,8151,37.87,44.86,6.99,-2.27
2020-12-18,26973,1258,123965,7965,34.57,43.83,9.26,-2.15
2020-12-17,16625,1196,112671,7783,31.42,42.83,11.41,-0.73
2020-12-16,14714,1221,105965,7575,29.55,41.69,12.14,-0.13
2020-12-15,18009,1336,100540,7324,28.04,40.31,12.27,-0.36
2020-12-14,16838,1432,94039,7059,26.22,38.85,12.63,0.59
2020-12-13,15873,820,88465,6671,24.67,36.71,12.04,0.19
2020-12-12,14933,702,84662,6443,23.61,35.46,11.85,0.17
2020-12-11,15679,1076,81683,6262,22.78,34.46,11.68,0.66
2020-12-10,9919,988,79388,6025,22.14,33.16,11.02,0.76
2020-12-09,9289,970,77507,5792,21.61,31.87,10.26,0.55
2020-12-08,11508,1071,76599,5645,21.36,31.07,9.71,0.05
2020-12-07,11264,1044,76066,5610,21.21,30.87,9.66,-0.16
2020-12-06,12070,592,75860,5629,21.16,30.98,9.82,0.49
2020-12-05,11954,521,76344,5564,21.29,30.62,9.33,0.33
2020-12-04,13384,839,76848,5530,21.43,30.43,9.0,0.6
2020-12-03,8038,755,78068,5482,21.77,30.17,8.4,0.37
2020-12-02,8381,823,79185,5471,22.08,30.11,8.03,0.37
2020-12-01,10975,1036,80435,5467,22.43,30.09,7.66,0.47
2020-11-30,11058,1063,82702,5496,23.06,30.25,7.19,1.24
2020-11-29,12554,527,85629,5421,23.88,29.83,5.95,1.13
2020-11-28,12458,487,89646,5419,25.0,29.82,4.82,0.92
2020-11-27,14604,791,95580,5551,26.65,30.55,3.9,1.53
2020-11-26,9155,744,102637,5632,28.62,30.99,2.37,0.45
2020-11-25,9631,819,106614,5751,29.73,31.65,1.92,0.68
2020-11-24,13242,1065,111918,5897,31.21,32.45,1.24,1.06
2020-11-23,13985,988,118602,6042,33.07,33.25,0.18,0.49
2020-11-22,16571,525,124891,6273,34.83,34.52,-0.31,0.75
2020-11-21,18392,619,131182,6454,36.58,35.52,-1.06,0.83
2020-11-20,21661,872,135359,6517,37.75,35.86,-1.89,-0.12
2020-11-19,13132,863,139893,6766,39.01,37.24,-1.77,-0.11
2020-11-18,14935,965,143645,6977,40.06,38.4,-1.66,-1.06
2020-11-17,19926,1210,144338,7204,40.25,39.65,-0.6,-0.52
2020-11-16,20274,1219,143821,7274,40.11,40.03,-0.08,-0.46
2020-11-15,22862,706,143077,7319,39.9,40.28,0.38,-1.0
2020-11-14,22569,682,139479,7320,38.9,40.28,1.38,-0.44
2020-11-13,26195,1121,137714,7308,38.4,40.22,1.82,0.78
2020-11-12,16884,1074,137471,7155,38.34,39.38,1.04,-0.32
2020-11-11,15628,1192,133109,6992,37.12,38.48,1.36,0.28
2020-11-10,19409,1280,130987,6834,36.53,37.61,1.08,0.99
2020-11-09,19530,1264,129883,6597,36.22,36.31,0.09,-0.82
2020-11-08,19264,707,128961,6699,35.96,36.87,0.91,0.73
2020-11-07,20804,670,128647,6553,35.88,36.06,0.18,0.24
2020-11-06,25952,968,127018,6425,35.42,35.36,-0.06,-0.95
2020-11-05,12522,911,122469,6367,34.15,35.04,0.89,-0.01
2020-11-04,13506,1034,122267,6359,34.1,35.0,0.9,0.89
2020-11-03,18305,1043,121321,6149,33.83,33.84,0.01,0.57
2020-11-02,18608,1366,119907,5974,33.44,32.88,-0.56,2.64
2020-11-01,18950,561,119665,5482,33.37,30.17,-3.2,0.55
2020-10-31,19175,542,120908,5445,33.72,29.97,-3.75,0.08
2020-10-30,21403,910,121614,5465,33.91,30.08,-3.83,0.69
2020-10-29,12320,903,121071,5314,33.76,29.24,-4.52,0.55
2020-10-28,12560,824,119971,5158,33.46,28.39,-5.07,0.06
2020-10-27,16891,868,119006,5098,33.19,28.06,-5.13,-0.93
2020-10-26,18366,874,115740,5103,32.28,28.08,-4.2,-0.27
2020-10-25,20193,524,111768,4950,31.17,27.24,-3.93,-0.35
2020-10-24,19881,562,107163,4779,29.88,26.3,-3.58,-0.88
2020-10-23,20860,759,101891,4671,28.41,25.71,-2.7,-0.67
2020-10-22,11220,747,96342,4513,26.87,24.84,-2.03,0.71
2020-10-21,11595,764,94347,4282,26.31,23.57,-2.74,0.72
2020-10-20,13625,873,92511,4059,25.8,22.34,-3.46,1.49
2020-10-19,14394,721,91283,3726,25.46,20.51,-4.95,0.84
2020-10-18,15588,353,91531,3587,25.53,19.74,-5.79,0.14
2020-10-17,14609,454,90486,3507,25.23,19.3,-5.93,0.93
2020-10-16,15311,601,89523,3291,24.97,18.11,-6.86,0.6
2020-10-15,9225,516,87652,3086,24.44,16.98,-7.46,0.9
2020-10-14,9759,541,87948,2938,24.53,16.17,-8.36,0.39
2020-10-13,12397,540,87513,2844,24.4,15.65,-8.75,0.3
2020-10-12,14642,582,86246,2726,24.05,15.0,-9.05,0.07
2020-10-11,14543,273,82463,2522,23.0,13.88,-9.12,-0.88
2020-10-10,13646,238,78054,2458,21.77,13.53,-8.24,-1.51
2020-10-09,13440,396,72653,2459,20.26,13.53,-6.73,-0.71
2020-10-08,9521,368,67426,2323,18.8,12.78,-6.02,-0.42
2020-10-07,9324,447,63723,2212,17.77,12.17,-5.6,0.04
2020-10-06,11130,422,59808,2006,16.68,11.04,-5.64,-0.91
2020-10-05,10859,378,54429,1899,15.18,10.45,-4.73,-0.42
2020-10-04,10134,209,49518,1726,13.81,9.5,-4.31,-0.74
2020-10-03,8245,239,44899,1626,12.52,8.95,-3.57,-0.15
2020-10-02,8213,260,41693,1492,11.63,8.21,-3.42,-0.38
2020-10-01,5818,257,37893,1369,10.57,7.53,-3.04,-0.04
2020-09-30,5409,241,36461,1302,10.17,7.17,-3.0,-0.05
2020-09-29,5751,315,35000,1237,9.76,6.81,-2.95,0.27
2020-09-28,5948,205,33293,1101,9.28,6.06,-3.22,-0.13
2020-09-27,5515,109,31064,1013,8.66,5.57,-3.09,-0.41
2020-09-26,5039,105,29078,987,8.11,5.43,-2.68,-0.53
2020-09-25,4413,137,26802,966,7.47,5.32,-2.15,-0.26
2020-09-24,4386,190,25059,926,6.99,5.1,-1.89,-0.31
2020-09-23,3948,176,22233,839,6.2,4.62,-1.58,-0.23
2020-09-22,4044,179,20358,786,5.68,4.33,-1.35,-0.25
2020-09-21,3719,117,18974,762,5.29,4.19,-1.1,-0.27
2020-09-20,3529,83,18120,766,5.05,4.22,-0.83,-0.1
2020-09-19,2763,84,17250,741,4.81,4.08,-0.73,0.16
2020-09-18,2670,97,17252,712,4.81,3.92,-0.89,0.19
2020-09-17,1560,103,17755,703,4.95,3.87,-1.08,0.13
2020-09-16,2073,123,18127,699,5.06,3.85,-1.21,0.18
2020-09-15,2660,155,18101,665,5.05,3.66,-1.39,0.02
2020-09-14,2865,121,17875,649,4.98,3.57,-1.41,-0.26
2020-09-13,2659,58,17501,678,4.88,3.73,-1.15,-0.07
2020-09-12,2765,55,17268,680,4.82,3.74,-1.08,-0.33
2020-09-11,3173,88,16313,691,4.55,3.8,-0.75,-0.59
2020-09-10,1932,99,14340,697,4.0,3.84,-0.16,-0.37
2020-09-09,2047,89,13331,715,3.72,3.93,0.21,-0.57
2020-09-08,2434,139,12254,764,3.42,4.2,0.78,0.01
2020-09-07,2491,150,11114,704,3.1,3.87,0.77,0.37
2020-09-06,2426,60,9865,572,2.75,3.15,0.4,-0.15
2020-09-05,1810,66,8515,530,2.37,2.92,0.55,-0.01
2020-09-04,1200,94,7705,493,2.15,2.71,0.56,0.24
2020-09-03,923,117,7563,442,2.11,2.43,0.32,0.3
2020-09-02,970,138,7293,372,2.03,2.05,0.02,0.47
2020-09-01,1294,79,7000,272,1.95,1.5,-0.45,0.13
2020-08-31,1242,18,6669,233,1.86,1.28,-0.58,-0.11
2020-08-30,1076,18,6576,248,1.83,1.36,-0.47,0.01
2020-08-29,1000,29,6511,244,1.82,1.34,-0.48,0.03
2020-08-28,1058,43,6371,230,1.78,1.27,-0.51,0.08
2020-08-27,653,47,6389,216,1.78,1.19,-0.59,-0.01
2020-08-26,677,38,6238,210,1.74,1.16,-0.58,-0.04
2020-08-25,963,40,6175,215,1.72,1.18,-0.54,0.0
2020-08-24,1149,33,6176,215,1.72,1.18,-0.54,-0.05
2020-08-23,1011,14,5978,215,1.67,1.18,-0.49,0.04
2020-08-22,860,15,5983,208,1.67,1.14,-0.53,0.07
2020-08-21,1076,29,6232,208,1.74,1.14,-0.6,-0.07
2020-08-20,502,41,6384,227,1.78,1.25,-0.53,-0.05
2020-08-19,614,43,6399,237,1.78,1.3,-0.48,0.01
2020-08-18,964,40,6378,234,1.78,1.29,-0.49,-0.15
2020-08-17,951,33,6194,253,1.73,1.39,-0.34,-0.25
2020-08-16,1016,7,6131,294,1.71,1.62,-0.09,-0.12
2020-08-15,1109,15,5981,309,1.67,1.7,0.03,-0.12
2020-08-14,1228,48,5696,316,1.59,1.74,0.15,-0.13
2020-08-13,517,51,5320,320,1.48,1.76,0.28,-0.1
2020-08-12,593,40,5281,337,1.47,1.85,0.38,-0.16
2020-08-11,780,59,5146,359,1.44,1.98,0.54,-0.18
2020-08-10,888,74,4923,379,1.37,2.09,0.72,0.02
2020-08-09,866,22,4829,372,1.35,2.05,0.7,0.03
2020-08-08,824,22,4844,367,1.35,2.02,0.67,-0.02
2020-08-07,852,52,4715,363,1.31,2.0,0.69,-0.02
2020-08-06,478,68,4603,362,1.28,1.99,0.71,0.13
2020-08-05,458,62,4608,339,1.29,1.87,0.58,-0.01
2020-08-04,557,79,4601,340,1.28,1.87,0.59,0.11
2020-08-03,794,67,4678,323,1.3,1.78,0.48,0.09
2020-08-02,881,17,4561,302,1.27,1.66,0.39,-0.07
2020-08-01,695,18,4347,303,1.21,1.67,0.46,-0.08
2020-07-31,740,51,4265,314,1.19,1.73,0.54,-0.04
2020-07-30,483,45,4226,319,1.18,1.76,0.58,0.02
2020-07-29,451,63,4125,311,1.15,1.71,0.56,0.05
2020-07-28,634,62,4113,302,1.15,1.66,0.51,-0.03
2020-07-27,677,46,3983,299,1.11,1.65,0.54,0.0
2020-07-26,667,18,3886,295,1.08,1.62,0.54,0.02
2020-07-25,613,29,3876,291,1.08,1.6,0.52,0.05
2020-07-24,701,56,3822,279,1.07,1.54,0.47,0.16
2020-07-23,382,37,3732,245,1.04,1.35,0.31,-0.04
2020-07-22,439,54,3676,250,1.03,1.38,0.35,0.01
2020-07-21,504,59,3623,246,1.01,1.35,0.34,-0.04
2020-07-20,580,42,3576,250,1.0,1.38,0.38,-0.01
2020-07-19,657,14,3609,254,1.01,1.4,0.39,0.0
2020-07-18,559,17,3555,251,0.99,1.38,0.39,-0.04
2020-07-17,611,22,3477,254,0.97,1.4,0.43,-0.15
2020-07-16,326,42,3418,278,0.95,1.53,0.58,0.0
2020-07-15,386,50,3579,288,1.0,1.58,0.58,-0.06
2020-07-14,457,63,3549,296,0.99,1.63,0.64,0.06
2020-07-13,613,46,3574,287,1.0,1.58,0.58,-0.2
2020-07-12,603,11,3439,317,0.96,1.74,0.78,-0.19
2020-07-11,481,20,3369,347,0.94,1.91,0.97,0.01
2020-07-10,552,46,3393,347,0.95,1.91,0.96,0.04
2020-07-09,487,52,3438,341,0.96,1.88,0.92,-0.08
2020-07-08,356,58,3325,350,0.93,1.93,1.0,0.03
2020-07-07,482,54,3411,349,0.95,1.92,0.97,0.04
2020-07-06,478,76,3473,346,0.97,1.9,0.93,0.13
2020-07-05,533,41,3549,325,0.99,1.79,0.8,0.09
2020-07-04,505,20,3645,314,1.02,1.73,0.71,-0.09
2020-07-03,597,40,3741,335,1.04,1.84,0.8,-0.19
2020-07-02,374,61,3835,374,1.07,2.06,0.99,0.0
2020-07-01,442,57,3956,380,1.1,2.09,0.99,-0.11
2020-06-30,544,51,4057,406,1.13,2.23,1.1,-0.28
2020-06-29,554,55,4214,466,1.18,2.56,1.38,-0.18
2020-06-28,629,30,4477,511,1.25,2.81,1.56,-0.06
2020-06-27,601,41,4629,528,1.29,2.91,1.62,-0.11
2020-06-26,691,79,4853,559,1.35,3.08,1.73,-0.06
2020-06-25,495,67,4965,576,1.38,3.17,1.79,-0.18
2020-06-24,543,83,5125,618,1.43,3.4,1.97,-0.15
2020-06-23,701,111,5259,653,1.47,3.59,2.12,-0.17
2020-06-22,817,100,5365,688,1.5,3.79,2.29,-0.13
2020-06-21,781,47,5309,708,1.48,3.9,2.42,-0.16
2020-06-20,825,72,5381,741,1.5,4.08,2.58,-0.1
2020-06-19,803,96,5427,761,1.51,4.19,2.68,-0.08
2020-06-18,655,109,5418,775,1.51,4.27,2.76,-0.2
2020-06-17,677,118,5318,807,1.48,4.44,2.96,-0.49
2020-06-16,807,146,5254,894,1.47,4.92,3.45,-0.18
2020-06-15,761,120,5249,924,1.46,5.09,3.63,-0.23
2020-06-14,853,80,5363,974,1.5,5.36,3.86,-0.04
2020-06-13,871,92,5455,985,1.52,5.42,3.9,0.03
2020-06-12,794,110,5586,987,1.56,5.43,3.87,-0.49
2020-06-11,555,141,5762,1084,1.61,5.97,4.36,-0.57
2020-06-10,613,205,5952,1198,1.66,6.59,4.93,-0.37
2020-06-09,802,176,6125,1274,1.71,7.01,5.3,-0.8
2020-06-08,875,170,6390,1431,1.78,7.88,6.1,-0.79
2020-06-07,945,91,6706,1592,1.87,8.76,6.89,-0.66
2020-06-06,1002,94,6995,1727,1.95,9.5,7.55,-0.53
2020-06-05,970,207,7126,1829,1.99,10.07,8.08,-0.43
2020-06-04,745,255,7243,1913,2.02,10.53,8.51,-0.46
2020-06-03,786,281,7493,2010,2.09,11.06,8.97,-0.39
2020-06-02,1067,333,7794,2095,2.17,11.53,9.36,0.28
2020-06-01,1191,331,8083,2059,2.25,11.33,9.08,0.0
