date,cases_under80,cases_over80,rollingsum_under80,rollingsum_over80,percent_peak_under80,percent_peak_over80,divergence,daily_change
2021-03-01,6145,298,50868,1745,14.19,9.6,-4.59,0.0
2021-02-28,6791,131,53950,1901,15.05,10.46,-4.59,0.15
2021-02-27,7617,147,56490,2003,15.76,11.02,-4.74,0.01
2021-02-26,9183,223,58946,2124,16.44,11.69,-4.75,-0.11
2021-02-25,6397,307,61305,2265,17.1,12.46,-4.64,-0.65
2021-02-24,6449,295,61937,2415,17.28,13.29,-3.99,-0.7
2021-02-23,8286,344,62697,2580,17.49,14.2,-3.29,-0.35
2021-02-22,9227,454,64153,2718,17.89,14.95,-2.94,-0.81
2021-02-21,9331,233,65318,2924,18.22,16.09,-2.13,0.06
2021-02-20,10073,268,66914,2993,18.66,16.47,-2.19,-0.02
2021-02-19,11542,364,68126,3058,19.0,16.83,-2.17,-0.67
2021-02-18,7029,457,69310,3241,19.33,17.83,-1.5,0.22
2021-02-17,7209,460,71692,3322,20.0,18.28,-1.72,-0.23
2021-02-16,9742,482,74315,3496,20.73,19.24,-1.49,-0.05
2021-02-15,10392,660,77392,3663,21.59,20.15,-1.44,0.43
2021-02-14,10927,302,81909,3814,22.85,20.98,-1.87,0.38
2021-02-13,11285,333,86951,3998,24.25,22.0,-2.25,0.45
2021-02-12,12726,547,91696,4159,25.58,22.88,-2.7,0.12
2021-02-11,9411,538,97416,4426,27.17,24.35,-2.82,-0.77
2021-02-10,9832,634,100745,4734,28.1,26.05,-2.05,-0.83
2021-02-09,12819,649,104840,5093,29.24,28.02,-1.22,-1.41
2021-02-08,14909,811,109949,5609,30.67,30.86,0.19,-0.76
2021-02-07,15969,486,115135,6008,32.11,33.06,0.95,0.48
2021-02-06,16030,494,120522,6195,33.62,34.09,0.47,0.78
2021-02-05,18446,814,126782,6370,35.36,35.05,-0.31,-0.54
2021-02-04,12740,846,133102,6791,37.13,37.36,0.23,-1.68
2021-02-03,13927,993,134643,7174,37.56,39.47,1.91,-0.59
2021-02-02,17928,1165,139073,7504,38.79,41.29,2.5,-0.38
2021-02-01,20095,1210,145846,7917,40.68,43.56,2.88,-1.01
2021-01-31,21356,673,152176,8422,42.45,46.34,3.89,1.33
2021-01-30,22290,669,159809,8566,44.57,47.13,2.56,0.95
2021-01-29,24766,1235,170354,8930,47.52,49.13,1.61,1.82
2021-01-28,14281,1229,182945,9237,51.03,50.82,-0.21,0.67
2021-01-27,18357,1323,193000,9623,53.83,52.95,-0.88,-1.88
2021-01-26,24701,1578,200267,10334,55.86,56.86,1.0,-1.55
2021-01-25,26425,1715,209247,11071,58.36,60.91,2.55,-1.28
2021-01-24,28989,817,218193,11758,60.86,64.69,3.83,-0.04
2021-01-23,32835,1033,227141,12219,63.36,67.23,3.87,0.52
2021-01-22,37357,1542,235187,12531,65.6,68.95,3.35,-0.75
2021-01-21,24336,1615,245728,13202,68.54,72.64,4.1,-2.1
2021-01-20,25624,2034,251941,13898,70.27,76.47,6.2,0.22
2021-01-19,33681,2315,259099,14222,72.27,78.25,5.98,-1.57
2021-01-18,35371,2402,264204,14766,73.69,81.24,7.55,-1.49
2021-01-17,37937,1278,272052,15435,75.88,84.92,9.04,0.9
2021-01-16,40881,1345,281624,15756,78.55,86.69,8.14,0.59
2021-01-15,47898,2213,294460,16300,82.13,89.68,7.55,2.19
2021-01-14,30549,2311,310685,16724,86.66,92.02,5.36,3.06
2021-01-13,32782,2358,326596,16975,91.1,93.4,2.3,3.13
2021-01-12,38786,2859,344567,17317,96.11,95.28,-0.83,-4.93
2021-01-11,43219,3071,332064,17578,92.62,96.72,4.1,-0.67
2021-01-10,47509,1599,332685,17731,92.79,97.56,4.77,1.97
2021-01-09,53717,1889,344255,17960,96.02,98.82,2.8,2.8
2021-01-08,64123,2637,358518,18175,100.0,100.0,0.0,0.07
2021-01-07,46460,2562,332002,16817,92.6,92.53,-0.07,2.81
2021-01-06,50753,2700,325566,15981,90.81,87.93,-2.88,-2.25
2021-01-05,26283,3120,309333,15566,86.28,85.65,-0.63,-2.72
2021-01-04,43840,3224,294886,15329,82.25,84.34,2.09,4.81
2021-01-03,59079,1828,277911,13594,77.52,74.8,-2.72,-4.08
2021-01-02,67980,2104,253976,13122,70.84,72.2,1.36,-3.35
2021-01-01,37607,1279,224045,12214,62.49,67.2,4.71,4.43
2020-12-31,40024,1726,226126,11514,63.07,63.35,0.28,0.29
2020-12-30,34520,2285,213295,10811,59.49,59.48,-0.01,0.8
2020-12-29,11836,2883,198911,9937,55.48,54.67,-0.81,12.14
2020-12-28,26865,1489,216591,8626,60.41,47.46,-12.95,-0.54
2020-12-27,35144,1356,217255,8758,60.6,48.19,-12.41,0.84
2020-12-26,38049,1196,210038,8240,58.59,45.34,-13.25,-1.45
2020-12-25,39688,579,198757,7932,55.44,43.64,-11.8,-7.28
2020-12-24,27193,1023,186037,8609,51.89,47.37,-4.52,-3.89
2020-12-23,20136,1411,175471,8781,48.94,48.31,-0.63,-0.46
2020-12-22,29516,1572,170048,8590,47.43,47.26,-0.17,-1.9
2020-12-21,27529,1621,158540,8352,44.22,45.95,1.73,-1.94
2020-12-20,27927,838,147847,8163,41.24,44.91,3.67,-3.26
2020-12-19,26768,888,135791,8145,37.88,44.81,6.93,-2.3
2020-12-18,26968,1256,123953,7960,34.57,43.8,9.23,-2.16
2020-12-17,16627,1195,112659,7780,31.42,42.81,11.39,-0.72
2020-12-16,14713,1220,105949,7571,29.55,41.66,12.11,-0.13
2020-12-15,18008,1334,100520,7320,28.04,40.28,12.24,-0.36
2020-12-14,16836,1432,94017,7056,26.22,38.82,12.6,0.59
2020-12-13,15871,820,88442,6667,24.67,36.68,12.01,0.19
2020-12-12,14930,703,84634,6439,23.61,35.43,11.82,0.17
2020-12-11,15674,1076,81654,6257,22.78,34.43,11.65,0.67
2020-12-10,9917,986,79363,6019,22.14,33.12,10.98,0.74
2020-12-09,9284,969,77483,5788,21.61,31.85,10.24,0.56
2020-12-08,11505,1070,76576,5642,21.36,31.04,9.68,0.03
2020-12-07,11261,1043,76035,5608,21.21,30.86,9.65,-0.18
2020-12-06,12063,592,75833,5630,21.15,30.98,9.83,0.5
2020-12-05,11950,521,76335,5565,21.29,30.62,9.33,0.33
2020-12-04,13383,838,76845,5531,21.43,30.43,9.0,0.61
2020-12-03,8037,755,78069,5484,21.78,30.17,8.39,0.37
2020-12-02,8377,823,79187,5473,22.09,30.11,8.02,0.37
2020-12-01,10964,1036,80439,5468,22.44,30.09,7.65,0.48
2020-11-30,11059,1065,82714,5497,23.07,30.24,7.17,1.24
2020-11-29,12565,527,85641,5419,23.89,29.82,5.93,1.13
2020-11-28,12460,487,89644,5417,25.0,29.8,4.8,0.93
2020-11-27,14607,791,95577,5549,26.66,30.53,3.87,1.52
2020-11-26,9155,744,102634,5630,28.63,30.98,2.35,0.45
2020-11-25,9629,818,106612,5750,29.74,31.64,1.9,0.68
2020-11-24,13239,1065,111920,5896,31.22,32.44,1.22,1.06
2020-11-23,13986,987,118603,6041,33.08,33.24,0.16,0.48
2020-11-22,16568,525,124894,6274,34.84,34.52,-0.32,0.76
2020-11-21,18393,619,131187,6454,36.59,35.51,-1.08,0.82
2020-11-20,21664,872,135360,6517,37.76,35.86,-1.9,-0.11
2020-11-19,13133,864,139887,6766,39.02,37.23,-1.79,-0.11
2020-11-18,14937,964,143637,6976,40.06,38.38,-1.68,-1.06
2020-11-17,19922,1210,144329,7204,40.26,39.64,-0.62,-0.53
2020-11-16,20277,1220,143815,7274,40.11,40.02,-0.09,-0.44
2020-11-15,22861,705,143071,7318,39.91,40.26,0.35,-1.03
2020-11-14,22566,682,139472,7321,38.9,40.28,1.38,-0.42
2020-11-13,26191,1121,137704,7308,38.41,40.21,1.8,0.77
2020-11-12,16883,1074,137466,7155,38.34,39.37,1.03,-0.31
2020-11-11,15629,1192,133105,6992,37.13,38.47,1.34,0.26
2020-11-10,19408,1280,130983,6835,36.53,37.61,1.08,1.01
2020-11-09,19533,1264,129884,6598,36.23,36.3,0.07,-0.82
2020-11-08,19262,708,128961,6700,35.97,36.86,0.89,0.71
2020-11-07,20798,669,128650,6553,35.88,36.06,0.18,0.25
2020-11-06,25953,968,127030,6426,35.43,35.36,-0.07,-0.95
2020-11-05,12522,911,122478,6368,34.16,35.04,0.88,0.0
2020-11-04,13507,1035,122276,6360,34.11,34.99,0.88,0.89
2020-11-03,18309,1043,121328,6149,33.84,33.83,-0.01,0.57
2020-11-02,18610,1366,119910,5974,33.45,32.87,-0.58,2.64
2020-11-01,18951,561,119668,5482,33.38,30.16,-3.22,0.55
2020-10-31,19178,542,120906,5444,33.72,29.95,-3.77,0.09
2020-10-30,21401,910,121608,5464,33.92,30.06,-3.86,0.68
2020-10-29,12320,903,121065,5312,33.77,29.23,-4.54,0.55
2020-10-28,12559,824,119964,5156,33.46,28.37,-5.09,0.06
2020-10-27,16891,868,118996,5096,33.19,28.04,-5.15,-0.94
2020-10-26,18368,874,115731,5101,32.28,28.07,-4.21,-0.26
2020-10-25,20189,523,111755,4948,31.17,27.22,-3.95,-0.35
2020-10-24,19880,562,107157,4778,29.89,26.29,-3.6,-0.87
2020-10-23,20858,758,101888,4670,28.42,25.69,-2.73,-0.69
2020-10-22,11219,747,96343,4513,26.87,24.83,-2.04,0.73
2020-10-21,11591,764,94351,4281,26.32,23.55,-2.77,0.72
2020-10-20,13626,873,92519,4057,25.81,22.32,-3.49,1.49
2020-10-19,14392,721,91291,3723,25.46,20.48,-4.98,0.83
2020-10-18,15591,353,91541,3584,25.53,19.72,-5.81,0.15
2020-10-17,14611,454,90492,3504,25.24,19.28,-5.96,0.91
2020-10-16,15313,601,89529,3289,24.97,18.1,-6.87,0.62
2020-10-15,9227,515,87656,3083,24.45,16.96,-7.49,0.89
2020-10-14,9759,540,87950,2936,24.53,16.15,-8.38,0.39
2020-10-13,12398,539,87515,2843,24.41,15.64,-8.77,0.3
2020-10-12,14642,582,86248,2724,24.06,14.99,-9.07,0.06
2020-10-11,14542,273,82463,2521,23.0,13.87,-9.13,-0.88
2020-10-10,13648,239,78054,2457,21.77,13.52,-8.25,-1.51
2020-10-09,13440,395,72652,2457,20.26,13.52,-6.74,-0.71
2020-10-08,9521,368,67429,2322,18.81,12.78,-6.03,-0.43
2020-10-07,9324,447,63726,2211,17.77,12.17,-5.6,0.05
2020-10-06,11131,420,59811,2005,16.68,11.03,-5.65,-0.92
2020-10-05,10857,379,54431,1900,15.18,10.45,-4.73,-0.42
2020-10-04,10133,209,49523,1727,13.81,9.5,-4.31,-0.73
2020-10-03,8246,239,44905,1627,12.53,8.95,-3.58,-0.18
2020-10-02,8217,260,41696,1495,11.63,8.23,-3.4,-0.38
2020-10-01,5818,257,37894,1372,10.57,7.55,-3.02,-0.03
2020-09-30,5409,241,36463,1305,10.17,7.18,-2.99,-0.05
2020-09-29,5751,315,35001,1240,9.76,6.82,-2.94,0.28
2020-09-28,5949,206,33295,1104,9.29,6.07,-3.22,-0.15
2020-09-27,5515,109,31063,1016,8.66,5.59,-3.07,-0.41
2020-09-26,5037,107,29076,991,8.11,5.45,-2.66,-0.51
2020-09-25,4415,137,26801,968,7.48,5.33,-2.15,-0.27
2020-09-24,4387,190,25054,928,6.99,5.11,-1.88,-0.31
2020-09-23,3947,176,22227,841,6.2,4.63,-1.57,-0.23
2020-09-22,4045,179,20354,788,5.68,4.34,-1.34,-0.25
2020-09-21,3717,118,18970,764,5.29,4.2,-1.09,-0.26
2020-09-20,3528,84,18118,767,5.05,4.22,-0.83,-0.1
2020-09-19,2762,84,17249,741,4.81,4.08,-0.73,0.16
2020-09-18,2668,97,17253,712,4.81,3.92,-0.89,0.19
2020-09-17,1560,103,17758,703,4.95,3.87,-1.08,0.13
2020-09-16,2074,123,18130,699,5.06,3.85,-1.21,0.18
2020-09-15,2661,155,18103,665,5.05,3.66,-1.39,0.03
2020-09-14,2865,121,17876,649,4.99,3.57,-1.42,-0.27
2020-09-13,2659,58,17502,678,4.88,3.73,-1.15,-0.07
2020-09-12,2766,55,17268,680,4.82,3.74,-1.08,-0.33
2020-09-11,3173,88,16312,691,4.55,3.8,-0.75,-0.58
2020-09-10,1932,99,14339,697,4.0,3.83,-0.17,-0.38
2020-09-09,2047,89,13330,715,3.72,3.93,0.21,-0.57
2020-09-08,2434,139,12252,764,3.42,4.2,0.78,0.01
2020-09-07,2491,150,11113,704,3.1,3.87,0.77,0.37
2020-09-06,2425,60,9864,572,2.75,3.15,0.4,-0.15
2020-09-05,1810,66,8514,530,2.37,2.92,0.55,-0.01
2020-09-04,1200,94,7703,493,2.15,2.71,0.56,0.24
2020-09-03,923,117,7562,442,2.11,2.43,0.32,0.3
2020-09-02,969,138,7294,372,2.03,2.05,0.02,0.47
2020-09-01,1295,79,7001,272,1.95,1.5,-0.45,0.13
2020-08-31,1242,18,6667,233,1.86,1.28,-0.58,-0.11
2020-08-30,1075,18,6574,248,1.83,1.36,-0.47,0.01
2020-08-29,999,29,6510,244,1.82,1.34,-0.48,0.03
2020-08-28,1059,43,6371,230,1.78,1.27,-0.51,0.08
2020-08-27,655,47,6388,216,1.78,1.19,-0.59,-0.01
2020-08-26,676,38,6235,210,1.74,1.16,-0.58,-0.04
2020-08-25,961,40,6172,215,1.72,1.18,-0.54,0.0
2020-08-24,1149,33,6175,215,1.72,1.18,-0.54,-0.05
2020-08-23,1011,14,5977,215,1.67,1.18,-0.49,0.04
2020-08-22,860,15,5983,208,1.67,1.14,-0.53,0.07
2020-08-21,1076,29,6231,208,1.74,1.14,-0.6,-0.07
2020-08-20,502,41,6384,227,1.78,1.25,-0.53,-0.05
2020-08-19,613,43,6399,236,1.78,1.3,-0.48,0.02
2020-08-18,964,40,6379,233,1.78,1.28,-0.5,-0.16
2020-08-17,951,33,6195,252,1.73,1.39,-0.34,-0.24
2020-08-16,1017,7,6132,293,1.71,1.61,-0.1,-0.12
2020-08-15,1108,15,5980,308,1.67,1.69,0.02,-0.12
2020-08-14,1229,48,5695,315,1.59,1.73,0.14,-0.14
2020-08-13,517,50,5316,319,1.48,1.76,0.28,-0.1
2020-08-12,593,40,5277,337,1.47,1.85,0.38,-0.17
2020-08-11,780,59,5142,359,1.43,1.98,0.55,-0.17
2020-08-10,888,74,4919,379,1.37,2.09,0.72,0.02
2020-08-09,865,22,4825,372,1.35,2.05,0.7,0.03
2020-08-08,823,22,4841,367,1.35,2.02,0.67,-0.02
2020-08-07,850,52,4712,363,1.31,2.0,0.69,-0.02
2020-08-06,478,68,4602,361,1.28,1.99,0.71,0.14
2020-08-05,458,62,4607,338,1.29,1.86,0.57,-0.01
2020-08-04,557,79,4600,338,1.28,1.86,0.58,0.11
2020-08-03,794,67,4677,321,1.3,1.77,0.47,0.09
2020-08-02,881,17,4559,300,1.27,1.65,0.38,-0.07
2020-08-01,694,18,4347,301,1.21,1.66,0.45,-0.08
2020-07-31,740,50,4266,312,1.19,1.72,0.53,-0.04
2020-07-30,483,45,4227,318,1.18,1.75,0.57,0.01
2020-07-29,451,62,4126,310,1.15,1.71,0.56,0.05
2020-07-28,634,62,4114,302,1.15,1.66,0.51,-0.03
2020-07-27,676,46,3984,299,1.11,1.65,0.54,0.0
2020-07-26,669,18,3888,295,1.08,1.62,0.54,0.02
2020-07-25,613,29,3876,291,1.08,1.6,0.52,0.05
2020-07-24,701,56,3822,279,1.07,1.54,0.47,0.16
2020-07-23,382,37,3732,245,1.04,1.35,0.31,-0.04
2020-07-22,439,54,3678,250,1.03,1.38,0.35,0.01
2020-07-21,504,59,3626,246,1.01,1.35,0.34,-0.05
2020-07-20,580,42,3580,252,1.0,1.39,0.39,-0.01
2020-07-19,657,14,3613,256,1.01,1.41,0.4,0.0
2020-07-18,559,17,3560,253,0.99,1.39,0.4,-0.03
2020-07-17,611,22,3482,255,0.97,1.4,0.43,-0.16
2020-07-16,328,42,3423,279,0.95,1.54,0.59,-0.01
2020-07-15,387,50,3581,290,1.0,1.6,0.6,-0.05
2020-07-14,458,65,3550,298,0.99,1.64,0.65,0.07
2020-07-13,613,46,3576,287,1.0,1.58,0.58,-0.2
2020-07-12,604,11,3441,317,0.96,1.74,0.78,-0.19
2020-07-11,481,19,3369,347,0.94,1.91,0.97,0.0
2020-07-10,552,46,3393,349,0.95,1.92,0.97,0.04
2020-07-09,486,53,3438,343,0.96,1.89,0.93,-0.07
2020-07-08,356,58,3326,351,0.93,1.93,1.0,0.03
2020-07-07,484,54,3412,349,0.95,1.92,0.97,0.04
2020-07-06,478,76,3472,346,0.97,1.9,0.93,0.13
2020-07-05,532,41,3548,325,0.99,1.79,0.8,0.09
2020-07-04,505,21,3644,314,1.02,1.73,0.71,-0.08
2020-07-03,597,40,3742,333,1.04,1.83,0.79,-0.19
2020-07-02,374,61,3835,372,1.07,2.05,0.98,0.0
2020-07-01,442,56,3956,378,1.1,2.08,0.98,-0.12
2020-06-30,544,51,4057,405,1.13,2.23,1.1,-0.28
2020-06-29,554,55,4216,465,1.18,2.56,1.38,-0.18
2020-06-28,628,30,4480,510,1.25,2.81,1.56,-0.05
2020-06-27,603,40,4633,527,1.29,2.9,1.61,-0.12
2020-06-26,690,79,4855,559,1.35,3.08,1.73,-0.05
2020-06-25,495,67,4968,576,1.39,3.17,1.78,-0.19
2020-06-24,543,83,5128,618,1.43,3.4,1.97,-0.15
2020-06-23,703,111,5262,653,1.47,3.59,2.12,-0.17
2020-06-22,818,100,5366,688,1.5,3.79,2.29,-0.13
2020-06-21,781,47,5309,708,1.48,3.9,2.42,-0.16
2020-06-20,825,72,5380,741,1.5,4.08,2.58,-0.1
2020-06-19,803,96,5425,761,1.51,4.19,2.68,-0.07
2020-06-18,655,109,5417,775,1.51,4.26,2.75,-0.21
2020-06-17,677,118,5317,807,1.48,4.44,2.96,-0.5
2020-06-16,807,146,5251,894,1.46,4.92,3.46,-0.16
2020-06-15,761,120,5247,924,1.46,5.08,3.62,-0.24
2020-06-14,852,80,5362,974,1.5,5.36,3.86,-0.04
2020-06-13,870,92,5455,985,1.52,5.42,3.9,0.02
2020-06-12,795,110,5588,988,1.56,5.44,3.88,-0.48
2020-06-11,555,141,5763,1085,1.61,5.97,4.36,-0.58
2020-06-10,611,205,5954,1199,1.66,6.6,4.94,-0.37
2020-06-09,803,176,6130,1275,1.71,7.02,5.31,-0.79
2020-06-08,876,170,6395,1432,1.78,7.88,6.1,-0.79
2020-06-07,945,91,6709,1593,1.87,8.76,6.89,-0.67
2020-06-06,1003,95,6998,1728,1.95,9.51,7.56,-0.51
2020-06-05,970,207,7128,1829,1.99,10.06,8.07,-0.44
2020-06-04,746,255,7244,1913,2.02,10.53,8.51,-0.46
2020-06-03,787,281,7493,2010,2.09,11.06,8.97,-0.39
2020-06-02,1068,333,7793,2095,2.17,11.53,9.36,0.29
2020-06-01,1190,331,8081,2058,2.25,11.32,9.07,0.0
