date,cases_under80,cases_over80,rollingsum_under80,rollingsum_over80,percent_peak_under80,percent_peak_over80,divergence,daily_change
2021-03-23,3824,77,28628,549,7.98,3.02,-4.96,-0.03
2021-03-22,4238,102,29169,581,8.13,3.2,-4.93,-0.1
2021-03-21,4523,62,29403,613,8.2,3.37,-4.83,0.03
2021-03-20,4398,62,29645,620,8.27,3.41,-4.86,-0.06
2021-03-19,5092,80,30265,661,8.44,3.64,-4.8,-0.19
2021-03-18,3367,74,30557,711,8.52,3.91,-4.61,-0.34
2021-03-17,3186,92,30525,770,8.51,4.24,-4.27,-0.29
2021-03-16,4365,109,30806,838,8.59,4.61,-3.98,-0.28
2021-03-15,4472,134,30771,887,8.58,4.88,-3.7,-0.27
2021-03-14,4765,69,30821,938,8.59,5.16,-3.43,-0.21
2021-03-13,5018,103,30837,977,8.6,5.38,-3.22,0.0
2021-03-12,5384,130,31092,990,8.67,5.45,-3.22,-0.15
2021-03-11,3335,133,31198,1023,8.7,5.63,-3.07,-0.1
2021-03-10,3467,160,31611,1061,8.81,5.84,-2.97,-0.08
2021-03-09,4330,158,32012,1097,8.93,6.04,-2.89,-0.22
2021-03-08,4522,185,32972,1184,9.19,6.52,-2.67,-0.17
2021-03-07,4781,108,34597,1299,9.65,7.15,-2.5,0.44
2021-03-06,5273,116,36625,1322,10.21,7.27,-2.94,0.48
2021-03-05,5490,163,38970,1353,10.87,7.45,-3.42,0.71
2021-03-04,3748,171,42667,1412,11.9,7.77,-4.13,-0.01
2021-03-03,3868,196,45324,1549,12.64,8.52,-4.12,0.17
2021-03-02,5290,245,47908,1649,13.36,9.07,-4.29,0.29
2021-03-01,6147,300,50906,1748,14.2,9.62,-4.58,0.01
2021-02-28,6809,131,53990,1902,15.06,10.47,-4.59,0.14
2021-02-27,7618,147,56518,2005,15.76,11.03,-4.73,0.01
2021-02-26,9187,222,58969,2126,16.44,11.7,-4.74,-0.13
2021-02-25,6405,308,61325,2269,17.1,12.49,-4.61,-0.64
2021-02-24,6452,296,61942,2417,17.27,13.3,-3.97,-0.69
2021-02-23,8288,344,62689,2581,17.48,14.2,-3.28,-0.35
2021-02-22,9231,454,64148,2719,17.89,14.96,-2.93,-0.83
2021-02-21,9337,234,65279,2925,18.2,16.1,-2.1,0.08
2021-02-20,10069,268,66871,2993,18.65,16.47,-2.18,-0.03
2021-02-19,11543,365,68087,3060,18.99,16.84,-2.15,-0.67
2021-02-18,7022,456,69272,3242,19.32,17.84,-1.48,0.2
2021-02-17,7199,460,71661,3325,19.98,18.3,-1.68,-0.21
2021-02-16,9747,482,74293,3499,20.72,19.25,-1.47,-0.07
2021-02-15,10362,660,77363,3666,21.57,20.17,-1.4,0.44
2021-02-14,10929,302,81912,3816,22.84,21.0,-1.84,0.4
2021-02-13,11285,335,86953,4000,24.25,22.01,-2.24,0.44
2021-02-12,12728,547,91697,4159,25.57,22.89,-2.68,0.13
2021-02-11,9411,539,97414,4425,27.16,24.35,-2.81,-0.75
2021-02-10,9831,634,100744,4731,28.09,26.03,-2.06,-0.84
2021-02-09,12817,649,104839,5090,29.23,28.01,-1.22,-1.41
2021-02-08,14911,810,109948,5606,30.66,30.85,0.19,-0.77
2021-02-07,15970,486,115131,6008,32.1,33.06,0.96,0.48
2021-02-06,16029,494,120517,6195,33.61,34.09,0.48,0.78
2021-02-05,18445,813,126774,6370,35.35,35.05,-0.3,-0.56
2021-02-04,12741,845,133096,6792,37.11,37.37,0.26,-1.68
2021-02-03,13926,993,134634,7175,37.54,39.48,1.94,-0.58
2021-02-02,17926,1165,139065,7505,38.78,41.3,2.52,-0.38
2021-02-01,20094,1212,145837,7918,40.67,43.57,2.9,-1.0
2021-01-31,21356,673,152170,8420,42.43,46.33,3.9,1.34
2021-01-30,22286,669,159802,8564,44.56,47.12,2.56,0.93
2021-01-29,24767,1235,170348,8928,47.5,49.13,1.63,1.82
2021-01-28,14279,1228,182939,9236,51.01,50.82,-0.19,0.67
2021-01-27,18357,1323,192997,9624,53.82,52.96,-0.86,-1.9
2021-01-26,24698,1578,200265,10336,55.84,56.88,1.04,-1.55
2021-01-25,26427,1714,209248,11074,58.35,60.94,2.59,-1.29
2021-01-24,28988,817,218191,11762,60.84,64.72,3.88,-0.03
2021-01-23,32832,1033,227133,12222,63.34,67.25,3.91,0.51
2021-01-22,37358,1543,235175,12535,65.58,68.98,3.4,-0.75
2021-01-21,24337,1616,245714,13206,68.52,72.67,4.15,-2.09
2021-01-20,25625,2035,251928,13900,70.25,76.49,6.24,0.23
2021-01-19,33681,2316,259096,14222,72.25,78.26,6.01,-1.55
2021-01-18,35370,2402,264221,14763,73.68,81.24,7.56,-1.48
2021-01-17,37930,1277,272086,15431,75.87,84.91,9.04,0.91
2021-01-16,40874,1346,281677,15753,78.55,86.68,8.13,0.6
2021-01-15,47897,2214,294530,16294,82.13,89.66,7.53,2.2
2021-01-14,30551,2310,310787,16717,86.66,91.99,5.33,3.08
2021-01-13,32793,2357,326705,16965,91.1,93.35,2.25,3.12
2021-01-12,38806,2857,344675,17308,96.11,95.24,-0.87,-4.93
2021-01-11,43235,3070,332152,17570,92.62,96.68,4.06,-0.69
2021-01-10,47521,1599,332767,17726,92.79,97.54,4.75,1.97
2021-01-09,53727,1887,344346,17955,96.02,98.8,2.78,2.78
2021-01-08,64154,2637,358615,18173,100.0,100.0,0.0,0.08
2021-01-07,46469,2558,332081,16814,92.6,92.52,-0.08,2.77
2021-01-06,50763,2700,325640,15983,90.8,87.95,-2.85,-2.25
2021-01-05,26283,3119,309398,15571,86.28,85.68,-0.6,-2.73
2021-01-04,43850,3226,294951,15334,82.25,84.38,2.13,4.82
2021-01-03,59100,1828,277967,13597,77.51,74.82,-2.69,-4.08
2021-01-02,67996,2105,254014,13125,70.83,72.22,1.39,-3.35
2021-01-01,37620,1278,224095,12217,62.49,67.23,4.74,4.42
2020-12-31,40028,1727,226184,11519,63.07,63.39,0.32,0.3
2020-12-30,34521,2288,213364,10817,59.5,59.52,0.02,0.81
2020-12-29,11836,2882,198989,9940,55.49,54.7,-0.79,12.14
2020-12-28,26866,1489,216670,8631,60.42,47.49,-12.93,-0.56
2020-12-27,35147,1356,217333,8765,60.6,48.23,-12.37,0.85
2020-12-26,38077,1197,210125,8245,58.59,45.37,-13.22,-1.45
2020-12-25,39709,580,198816,7937,55.44,43.67,-11.77,-7.29
2020-12-24,27208,1025,186071,8615,51.89,47.41,-4.48,-3.89
2020-12-23,20146,1411,175489,8787,48.94,48.35,-0.59,-0.48
2020-12-22,29517,1573,170059,8598,47.42,47.31,-0.11,-1.91
2020-12-21,27529,1623,158554,8361,44.21,46.01,1.8,-1.93
2020-12-20,27939,836,147861,8170,41.23,44.96,3.73,-3.26
2020-12-19,26768,889,135794,8153,37.87,44.86,6.99,-2.27
2020-12-18,26964,1258,123957,7966,34.57,43.83,9.26,-2.16
2020-12-17,16626,1197,112671,7785,31.42,42.84,11.42,-0.71
2020-12-16,14716,1222,105963,7575,29.55,41.68,12.13,-0.14
2020-12-15,18012,1336,100537,7323,28.03,40.3,12.27,-0.35
2020-12-14,16836,1432,94035,7058,26.22,38.84,12.62,0.59
2020-12-13,15872,819,88462,6670,24.67,36.7,12.03,0.19
2020-12-12,14931,702,84663,6443,23.61,35.45,11.84,0.16
2020-12-11,15678,1077,81689,6262,22.78,34.46,11.68,0.67
2020-12-10,9918,987,79394,6024,22.14,33.15,11.01,0.76
2020-12-09,9290,970,77516,5792,21.62,31.87,10.25,0.54
2020-12-08,11510,1071,76605,5646,21.36,31.07,9.71,0.04
2020-12-07,11263,1044,76068,5611,21.21,30.88,9.67,-0.17
2020-12-06,12073,592,75865,5632,21.15,30.99,9.84,0.5
2020-12-05,11957,521,76345,5567,21.29,30.63,9.34,0.32
2020-12-04,13383,839,76844,5533,21.43,30.45,9.02,0.61
2020-12-03,8040,755,78066,5485,21.77,30.18,8.41,0.37
2020-12-02,8379,824,79182,5474,22.08,30.12,8.04,0.38
2020-12-01,10973,1036,80433,5469,22.43,30.09,7.66,0.48
2020-11-30,11060,1065,82700,5496,23.06,30.24,7.18,1.24
2020-11-29,12553,527,85621,5419,23.88,29.82,5.94,1.12
2020-11-28,12456,487,89632,5417,24.99,29.81,4.82,0.94
2020-11-27,14605,791,95567,5549,26.65,30.53,3.88,1.52
2020-11-26,9156,744,102624,5630,28.62,30.98,2.36,0.45
2020-11-25,9630,819,106598,5749,29.72,31.63,1.91,0.69
2020-11-24,13240,1063,111906,5893,31.21,32.43,1.22,1.06
2020-11-23,13981,988,118590,6039,33.07,33.23,0.16,0.48
2020-11-22,16564,525,124878,6269,34.82,34.5,-0.32,0.78
2020-11-21,18391,619,131169,6448,36.58,35.48,-1.1,0.81
2020-11-20,21662,872,135346,6512,37.74,35.83,-1.91,-0.11
2020-11-19,13130,863,139872,6761,39.0,37.2,-1.8,-0.11
2020-11-18,14938,963,143629,6972,40.05,38.36,-1.69,-1.06
2020-11-17,19924,1209,144318,7199,40.24,39.61,-0.63,-0.54
2020-11-16,20269,1218,143800,7271,40.1,40.01,-0.09,-0.46
2020-11-15,22855,704,143059,7317,39.89,40.26,0.37,-1.03
2020-11-14,22568,683,139466,7321,38.89,40.29,1.4,-0.41
2020-11-13,26188,1121,137692,7308,38.4,40.21,1.81,0.77
2020-11-12,16887,1074,137458,7155,38.33,39.37,1.04,-0.33
2020-11-11,15627,1190,133090,6993,37.11,38.48,1.37,0.26
2020-11-10,19406,1281,130971,6838,36.52,37.63,1.11,1.01
2020-11-09,19528,1264,129873,6600,36.22,36.32,0.1,-0.82
2020-11-08,19262,708,128957,6702,35.96,36.88,0.92,0.72
2020-11-07,20794,670,128639,6555,35.87,36.07,0.2,0.26
2020-11-06,25954,968,127022,6426,35.42,35.36,-0.06,-0.95
2020-11-05,12519,912,122470,6368,34.15,35.04,0.89,0.0
2020-11-04,13508,1035,122270,6359,34.1,34.99,0.89,0.88
2020-11-03,18308,1043,121321,6149,33.83,33.84,0.01,0.58
2020-11-02,18612,1366,119904,5974,33.44,32.87,-0.57,2.63
2020-11-01,18944,561,119658,5482,33.37,30.17,-3.2,0.55
2020-10-31,19177,541,120899,5444,33.71,29.96,-3.75,0.09
2020-10-30,21402,910,121605,5465,33.91,30.07,-3.84,0.68
2020-10-29,12319,903,121061,5313,33.76,29.24,-4.52,0.55
2020-10-28,12559,825,119964,5157,33.45,28.38,-5.07,0.07
2020-10-27,16891,868,118998,5095,33.18,28.04,-5.14,-0.94
2020-10-26,18366,874,115731,5101,32.27,28.07,-4.2,-0.27
2020-10-25,20185,523,111757,4948,31.16,27.23,-3.93,-0.34
2020-10-24,19883,562,107163,4778,29.88,26.29,-3.59,-0.88
2020-10-23,20858,758,101889,4670,28.41,25.7,-2.71,-0.68
2020-10-22,11222,747,96343,4514,26.87,24.84,-2.03,0.72
2020-10-21,11593,763,94348,4281,26.31,23.56,-2.75,0.72
2020-10-20,13624,874,92514,4058,25.8,22.33,-3.47,1.5
2020-10-19,14392,721,91286,3723,25.46,20.49,-4.97,0.84
2020-10-18,15591,353,91537,3584,25.53,19.72,-5.81,0.14
2020-10-17,14609,454,90492,3503,25.23,19.28,-5.95,0.93
2020-10-16,15312,602,89529,3288,24.97,18.09,-6.88,0.61
2020-10-15,9227,514,87654,3081,24.44,16.95,-7.49,0.88
2020-10-14,9759,540,87948,2935,24.52,16.15,-8.37,0.38
2020-10-13,12396,539,87514,2844,24.4,15.65,-8.75,0.29
2020-10-12,14643,582,86247,2727,24.05,15.01,-9.04,0.07
2020-10-11,14546,272,82459,2523,22.99,13.88,-9.11,-0.89
2020-10-10,13646,239,78048,2461,21.76,13.54,-8.22,-1.5
2020-10-09,13437,395,72648,2460,20.26,13.54,-6.72,-0.71
2020-10-08,9521,368,67426,2325,18.8,12.79,-6.01,-0.42
2020-10-07,9325,449,63722,2214,17.77,12.18,-5.59,0.05
2020-10-06,11129,422,59805,2006,16.68,11.04,-5.64,-0.92
2020-10-05,10855,378,54427,1900,15.18,10.46,-4.72,-0.42
2020-10-04,10135,210,49521,1728,13.81,9.51,-4.3,-0.73
2020-10-03,8246,238,44902,1627,12.52,8.95,-3.57,-0.17
2020-10-02,8215,260,41694,1495,11.63,8.23,-3.4,-0.38
2020-10-01,5817,257,37893,1372,10.57,7.55,-3.02,-0.03
2020-09-30,5408,241,36461,1305,10.17,7.18,-2.99,-0.05
2020-09-29,5751,316,35001,1240,9.76,6.82,-2.94,0.27
2020-09-28,5949,206,33294,1103,9.28,6.07,-3.21,-0.14
2020-09-27,5516,109,31063,1015,8.66,5.59,-3.07,-0.41
2020-09-26,5038,106,29077,990,8.11,5.45,-2.66,-0.52
2020-09-25,4414,137,26800,968,7.47,5.33,-2.14,-0.26
2020-09-24,4385,190,25056,928,6.99,5.11,-1.88,-0.31
2020-09-23,3948,176,22231,841,6.2,4.63,-1.57,-0.22
2020-09-22,4044,179,20355,786,5.68,4.33,-1.35,-0.25
2020-09-21,3718,118,18972,762,5.29,4.19,-1.1,-0.25
2020-09-20,3530,84,18118,764,5.05,4.2,-0.85,-0.1
2020-09-19,2761,84,17247,738,4.81,4.06,-0.75,0.16
2020-09-18,2670,97,17250,708,4.81,3.9,-0.91,0.19
2020-09-17,1560,103,17753,699,4.95,3.85,-1.1,0.13
2020-09-16,2072,121,18125,695,5.05,3.82,-1.23,0.17
2020-09-15,2661,155,18100,663,5.05,3.65,-1.4,0.02
2020-09-14,2864,120,17873,647,4.98,3.56,-1.42,-0.27
2020-09-13,2659,58,17501,677,4.88,3.73,-1.15,-0.07
2020-09-12,2764,54,17268,679,4.82,3.74,-1.08,-0.33
2020-09-11,3173,88,16313,691,4.55,3.8,-0.75,-0.59
2020-09-10,1932,99,14340,697,4.0,3.84,-0.16,-0.37
2020-09-09,2047,89,13331,715,3.72,3.93,0.21,-0.57
2020-09-08,2434,139,12255,764,3.42,4.2,0.78,0.01
2020-09-07,2492,150,11115,704,3.1,3.87,0.77,0.37
2020-09-06,2426,60,9864,572,2.75,3.15,0.4,-0.15
2020-09-05,1809,66,8514,530,2.37,2.92,0.55,-0.01
2020-09-04,1200,94,7704,493,2.15,2.71,0.56,0.24
2020-09-03,923,117,7562,442,2.11,2.43,0.32,0.3
2020-09-02,971,138,7294,372,2.03,2.05,0.02,0.47
2020-09-01,1294,79,6999,272,1.95,1.5,-0.45,0.13
2020-08-31,1241,18,6666,233,1.86,1.28,-0.58,-0.11
2020-08-30,1076,18,6574,248,1.83,1.36,-0.47,0.0
2020-08-29,999,29,6508,244,1.81,1.34,-0.47,0.04
2020-08-28,1058,43,6369,230,1.78,1.27,-0.51,0.08
2020-08-27,655,47,6387,216,1.78,1.19,-0.59,-0.01
2020-08-26,676,38,6234,210,1.74,1.16,-0.58,-0.04
2020-08-25,961,40,6172,215,1.72,1.18,-0.54,0.0
2020-08-24,1149,33,6175,215,1.72,1.18,-0.54,-0.05
2020-08-23,1010,14,5976,215,1.67,1.18,-0.49,0.04
2020-08-22,860,15,5982,208,1.67,1.14,-0.53,0.07
2020-08-21,1076,29,6231,208,1.74,1.14,-0.6,-0.07
2020-08-20,502,41,6384,227,1.78,1.25,-0.53,-0.05
2020-08-19,614,43,6399,236,1.78,1.3,-0.48,0.02
2020-08-18,964,40,6378,233,1.78,1.28,-0.5,-0.16
2020-08-17,950,33,6194,252,1.73,1.39,-0.34,-0.24
2020-08-16,1016,7,6131,293,1.71,1.61,-0.1,-0.12
2020-08-15,1109,15,5980,308,1.67,1.69,0.02,-0.12
2020-08-14,1229,48,5694,315,1.59,1.73,0.14,-0.14
2020-08-13,517,50,5314,319,1.48,1.76,0.28,-0.1
2020-08-12,593,40,5275,337,1.47,1.85,0.38,-0.17
2020-08-11,780,59,5140,359,1.43,1.98,0.55,-0.17
2020-08-10,887,74,4916,379,1.37,2.09,0.72,0.02
2020-08-09,865,22,4823,371,1.34,2.04,0.7,0.04
2020-08-08,823,22,4838,366,1.35,2.01,0.66,-0.02
2020-08-07,849,52,4709,362,1.31,1.99,0.68,-0.02
2020-08-06,478,68,4600,360,1.28,1.98,0.7,0.12
2020-08-05,458,62,4605,338,1.28,1.86,0.58,0.0
2020-08-04,556,79,4598,338,1.28,1.86,0.58,0.11
2020-08-03,794,66,4675,321,1.3,1.77,0.47,0.08
2020-08-02,880,17,4559,301,1.27,1.66,0.39,-0.06
2020-08-01,694,18,4348,302,1.21,1.66,0.45,-0.08
2020-07-31,740,50,4267,313,1.19,1.72,0.53,-0.05
2020-07-30,483,46,4228,319,1.18,1.76,0.58,0.03
2020-07-29,451,62,4127,309,1.15,1.7,0.55,0.04
2020-07-28,633,62,4115,301,1.15,1.66,0.51,-0.02
2020-07-27,678,46,3986,298,1.11,1.64,0.53,-0.01
2020-07-26,669,18,3888,294,1.08,1.62,0.54,0.02
2020-07-25,613,29,3877,290,1.08,1.6,0.52,0.06
2020-07-24,701,56,3823,278,1.07,1.53,0.46,0.16
2020-07-23,382,36,3733,244,1.04,1.34,0.3,-0.05
2020-07-22,439,54,3678,250,1.03,1.38,0.35,0.01
2020-07-21,504,59,3626,246,1.01,1.35,0.34,-0.04
2020-07-20,580,42,3581,251,1.0,1.38,0.38,-0.01
2020-07-19,658,14,3615,255,1.01,1.4,0.39,-0.01
2020-07-18,559,17,3561,252,0.99,1.39,0.4,-0.03
2020-07-17,611,22,3483,254,0.97,1.4,0.43,-0.14
2020-07-16,327,42,3423,277,0.95,1.52,0.57,-0.01
2020-07-15,387,50,3582,287,1.0,1.58,0.58,-0.05
2020-07-14,459,64,3550,295,0.99,1.62,0.63,0.06
2020-07-13,614,46,3573,285,1.0,1.57,0.57,-0.2
2020-07-12,604,11,3439,315,0.96,1.73,0.77,-0.19
2020-07-11,481,19,3368,345,0.94,1.9,0.96,0.01
2020-07-10,551,45,3392,346,0.95,1.9,0.95,0.03
2020-07-09,486,52,3438,341,0.96,1.88,0.92,-0.08
2020-07-08,355,58,3326,351,0.93,1.93,1.0,0.02
2020-07-07,482,54,3413,350,0.95,1.93,0.98,0.04
2020-07-06,480,76,3475,347,0.97,1.91,0.94,0.14
2020-07-05,533,41,3550,326,0.99,1.79,0.8,0.09
2020-07-04,505,20,3647,315,1.02,1.73,0.71,-0.1
2020-07-03,597,40,3745,336,1.04,1.85,0.81,-0.18
2020-07-02,374,62,3839,375,1.07,2.06,0.99,0.0
2020-07-01,442,57,3960,380,1.1,2.09,0.99,-0.11
2020-06-30,544,51,4061,406,1.13,2.23,1.1,-0.28
2020-06-29,555,55,4218,466,1.18,2.56,1.38,-0.18
2020-06-28,630,30,4481,511,1.25,2.81,1.56,-0.06
2020-06-27,603,41,4631,528,1.29,2.91,1.62,-0.11
2020-06-26,691,79,4853,559,1.35,3.08,1.73,-0.07
2020-06-25,495,67,4965,577,1.38,3.18,1.8,-0.18
2020-06-24,543,83,5124,619,1.43,3.41,1.98,-0.15
2020-06-23,701,111,5258,654,1.47,3.6,2.13,-0.16
2020-06-22,818,100,5364,688,1.5,3.79,2.29,-0.13
2020-06-21,780,47,5306,708,1.48,3.9,2.42,-0.16
2020-06-20,825,72,5378,741,1.5,4.08,2.58,-0.1
2020-06-19,803,97,5423,761,1.51,4.19,2.68,-0.06
2020-06-18,654,109,5414,773,1.51,4.25,2.74,-0.21
2020-06-17,677,118,5315,805,1.48,4.43,2.95,-0.5
2020-06-16,807,145,5251,892,1.46,4.91,3.45,-0.17
2020-06-15,760,120,5246,923,1.46,5.08,3.62,-0.24
2020-06-14,852,80,5361,973,1.49,5.35,3.86,-0.03
2020-06-13,870,92,5454,984,1.52,5.41,3.89,0.01
2020-06-12,794,109,5585,988,1.56,5.44,3.88,-0.48
2020-06-11,555,141,5760,1085,1.61,5.97,4.36,-0.58
2020-06-10,613,205,5951,1199,1.66,6.6,4.94,-0.37
2020-06-09,802,176,6124,1275,1.71,7.02,5.31,-0.79
2020-06-08,875,170,6390,1432,1.78,7.88,6.1,-0.8
2020-06-07,945,91,6705,1593,1.87,8.77,6.9,-0.66
2020-06-06,1001,96,6994,1728,1.95,9.51,7.56,-0.51
2020-06-05,969,206,7126,1828,1.99,10.06,8.07,-0.44
2020-06-04,746,255,7244,1913,2.02,10.53,8.51,-0.46
2020-06-03,786,281,7493,2010,2.09,11.06,8.97,-0.39
2020-06-02,1068,333,7794,2095,2.17,11.53,9.36,0.29
2020-06-01,1190,331,8082,2058,2.25,11.32,9.07,0.0
